6.479619553963856804e-01 2.307834564208984318e+01 1.280874208490242916e+00
9.285726603436271764e-01 2.331222862243652472e+01 1.570146348990808072e+00
6.180034013867555798e-01 2.294605289459228459e+01 1.190368768413987866e+00
7.996020440863883805e-02 2.229098234176635884e+01 1.320895431432336231e+00
1.278931245044498954e+00 2.381446144104003793e+01 1.453181657935206372e+00
1.036956918715058018e+00 2.344042934417724666e+01 1.312988333201015267e+00
1.961418115685888308e+00 2.424380516052245937e+01 1.481320721123184025e+00
2.576084671429525880e-02 2.188870407104492344e+01 1.408487635051826725e+00
1.715909048637251022e+00 2.393589439392089702e+01 1.578432982764498949e+00
4.545198359967689283e-01 2.292879774093627887e+01 1.241709006587554676e+00
1.721779032330704173e-01 2.258955863952636633e+01 1.247938725650882930e+00
-1.159685219590835814e-01 2.151753444671630788e+01 1.334024067610323216e+00
1.157124080837819979e-01 2.224309432983398338e+01 1.231040711613558436e+00
4.968499825235861422e-01 2.282082721710204964e+01 1.417054117439308758e+00
-1.452728959378604134e-01 2.133901342391967759e+01 1.235881325372947703e+00
1.114742900063261377e+00 2.364021392822265710e+01 1.580898736734881904e+00
5.154272496980942808e-01 2.293647382736206097e+01 1.301761537669265723e+00
-1.994361110890628952e-01 2.145171405792236285e+01 1.316465131819778200e+00
2.251989705522808194e+00 2.444670398712158033e+01 1.536223383365639572e+00
2.172573695478942302e+00 2.476668003082275504e+01 1.420209693225191749e+00
1.334963029676094814e+00 2.362439552307128920e+01 1.650373140891141954e+00
1.089439505610200865e+00 2.383160766601562486e+01 1.513148224376183348e+00
2.071472159550436842e+00 2.451202728271484332e+01 1.612497990027909278e+00
1.028098381391182592e+00 2.364479824066162195e+01 1.447161383694815839e+00
1.681530261601468679e+00 2.425601127624511832e+01 1.388752992404412412e+00
9.197827938517199042e-01 2.346070283889770636e+01 1.450364386669829919e+00
9.631104745692304903e-01 2.346674144744872947e+01 1.329929018248667383e+00
1.430599813081671057e+00 2.411410810470581012e+01 1.697321299522867699e+00
-4.112024998612004989e-01 2.094413740158081083e+01 1.242286044300061620e+00
1.600339652689376502e+00 2.382066532135009851e+01 1.632476910974954842e+00
1.932572752005003114e+00 2.425288963317871094e+01 1.364853836126497466e+00
1.593870572154468812e-01 2.259917901992797695e+01 1.486564176887861244e+00
8.491385790281907875e-01 2.330913436889648338e+01 1.470233559280712532e+00
1.896415751846680431e+00 2.394266830444335881e+01 1.502656404507559440e+00
2.430895294071087509e+00 2.489455123901367273e+01 1.541812734229933479e+00
1.636496652847699629e+00 2.407776634216308764e+01 1.596569197270999885e+00
9.365529338691747085e-01 2.368526252746582017e+01 1.443084897061882144e+00
9.394840941179152249e-01 2.343133773803710795e+01 1.336291476558380653e+00
1.708629940448640472e+00 2.406106121063232450e+01 1.634421602341958879e+00
9.574758520935383599e-01 2.339941993713378920e+01 1.398092074272109242e+00
2.131212169108305687e+00 2.461786106109619254e+01 1.532659813487683431e+00
1.607557318554647452e+00 2.401948204040527202e+01 1.492702721883348849e+00
2.257646013524385431e+00 2.487695400238037280e+01 1.715367181741854319e+00
6.866670048461541720e-01 2.346639579772949347e+01 1.368144427266670515e+00
1.481137931155824372e+00 2.393700317382812415e+01 1.422818196857769113e+00
1.134502028398482354e+00 2.358086860656738182e+01 1.471314842891641161e+00
1.596718169866641723e+00 2.393027851104736214e+01 1.473843037633063791e+00
4.013866833250867572e-01 2.289410957336425767e+01 1.243879624142886664e+00
2.383971430311040862e+00 2.473426727294921790e+01 1.487506403435238989e+00
9.394840941179152249e-01 2.349506816864013814e+01 1.466904736669095932e+00
1.361947052385215073e+00 2.392174297332763544e+01 1.565573748223992867e+00
1.222534420727178661e+00 2.367403530120849453e+01 1.492521321442916493e+00
1.858888949303310723e+00 2.422087333679199261e+01 1.542543134659528192e+00
1.077299225369116487e+00 2.395849189758300923e+01 1.440174622105181435e+00
1.690804872858810148e-01 2.214674936294555607e+01 1.356008768340645210e+00
3.355024414332363758e-01 2.293498043060302649e+01 1.261856485547247164e+00
1.256516074475752254e-01 2.210797464370727639e+01 1.335584914618535013e+00
4.621784408883608530e-01 2.305527334213256907e+01 1.351579798158163870e+00
7.190832517893764875e-01 2.336906372070312443e+01 1.362513501879150324e+00
1.482536647575383837e+00 2.411472396850586009e+01 1.572724015261361741e+00
1.366768467640232965e+00 2.375485588073730625e+01 1.493613758733003838e+00
1.511494053140006510e+00 2.383895027160644631e+01 1.559156015602030987e+00
1.526348638370984556e+00 2.411807266235351577e+01 1.374844033600933324e+00
9.308717607747411804e-02 2.194378816604614357e+01 1.453031181723096976e+00
9.687306400276662899e-01 2.341186038970947436e+01 1.456256377224779630e+00
6.901113892074978162e-01 2.342410987854004034e+01 1.493541869735205196e+00
1.072810321510995868e+00 2.364355045318603388e+01 1.497711464678880056e+00
1.155988770295846901e+00 2.371889884948730298e+01 1.387442943712775767e+00
2.454044592952941528e+00 2.495957111358642422e+01 1.764627977708850937e+00
5.305059186965473961e-01 2.310331079483032113e+01 1.537499019497361230e+00
1.036707535167384675e+00 2.365652542114257884e+01 1.486190463064084089e+00
-2.180025355006286469e-01 2.150030708312988281e+01 1.363852090026393737e+00
1.248058719380742282e-01 2.230420951843261790e+01 1.344343116621130818e+00
1.513984274362426108e+00 2.388867362976074205e+01 1.547850484254327252e+00
4.617266590990976027e-01 2.290985708236694407e+01 1.233684960163269118e+00
2.121377783119621441e+00 2.447549652099609219e+01 1.381362366815707565e+00
8.269434432852619254e-01 2.360342159271240092e+01 1.556180297889858233e+00
4.962215369602744619e-02 2.187571430206298828e+01 1.419537947022810442e+00
1.542840480806253689e+00 2.376897991180419822e+01 1.354175395209737287e+00
2.385308704407260283e+00 2.466213626861572195e+01 1.652258339371240004e+00
1.803124619490959146e+00 2.421418643951416172e+01 1.473321909864862000e+00
1.770592716409684853e+00 2.407294242858886690e+01 1.495728376773101775e+00
2.265987712481343230e+00 2.466431495666503793e+01 1.635545200709442426e+00
1.785179846821419503e+00 2.422664432525634837e+01 1.447120366704959915e+00
6.041431707794990558e-02 2.225397867202758917e+01 1.376735798561961710e+00
2.302086884570640368e+00 2.458824066162109290e+01 1.405872641537901035e+00
1.759836695570903498e+00 2.417469320297241353e+01 1.444456461863984575e+00
1.564547692216778030e+00 2.383970642089843750e+01 1.569879947918867646e+00
1.038908616044675437e+00 2.373285591125488381e+01 1.397752432519135724e+00
2.002898912448890290e+00 2.438309146881103473e+01 1.770624990685791822e+00
8.114744348208852154e-01 2.332206968307495032e+01 1.488658449674207018e+00
1.753735834288691287e+00 2.433572162628173885e+01 1.538277722109917089e+00
2.548033276391284740e+00 2.487130500793456989e+01 1.482018288093656322e+00
1.096689699764298531e+00 2.348949689865112234e+01 1.595809915513015875e+00
3.565374015413371733e-01 2.285071231842040973e+01 1.240917768298519519e+00
2.205040541982562274e+00 2.468228382110595831e+01 1.399855262042797310e+00
1.363851764408748890e+00 2.371055841445922852e+01 1.649023701090730709e+00
1.349416432678207212e+00 2.366655559539794851e+01 1.617297316839868326e+00
1.306099594723638679e+00 2.399257226943969812e+01 1.550338434435989621e+00
1.602092566031718013e+00 2.372967227935791001e+01 1.534224689560729438e+00
2.197815647608662992e+00 2.454464466094970732e+01 1.683364150979830942e+00
1.952324651831596203e+00 2.401028888702392550e+01 1.529583554369334797e+00
1.537126344735650907e+00 2.364438823699951087e+01 1.354801721406904802e+00
6.886909872620535777e-01 2.326283119201660199e+01 1.489793003737300170e+00
5.226268442917947343e-01 2.281243549346923771e+01 1.571252510122981949e+00
5.298264388854951878e-01 2.303183200836181754e+01 1.356521851547040303e+00
2.295292086460120284e+00 2.476492729187011577e+01 1.632359097799015890e+00
2.183387544386749202e+00 2.461787670135498018e+01 1.442964459158900592e+00
1.867548702639910463e+00 2.419387504577636605e+01 1.594922327433847986e+00
1.109195019691107786e+00 2.366133571624756016e+01 1.443729991427499026e+00
8.636136675561880693e-01 2.345722705841064482e+01 1.492676402786361933e+00
1.054977590725193481e+00 2.349405803680419780e+01 1.437939930074102257e+00
1.824199336396514992e+00 2.410129829406738367e+01 1.609573881218393954e+00
8.708060336412605240e-01 2.321790674209594840e+01 1.617535025408576299e+00
9.214200510560098811e-01 2.331059226989746236e+01 1.307632082354247993e+00
8.455134819511418431e-01 2.315012611389160213e+01 1.146092265793523302e+00
1.954200449820617358e+00 2.424065769195556541e+01 1.493688996822015058e+00
1.488362825529723876e+00 2.383455459594726733e+01 1.585928160336451453e+00
1.932551066479118562e+00 2.440988998413086009e+01 1.623254237005985257e+00
-2.234347597347310643e-01 2.110288564682007006e+01 1.462514794696330833e+00
9.467126027461285620e-01 2.319970180511474567e+01 1.407527915627106996e+00
1.582232238575702166e+00 2.407983188629150462e+01 1.390285227869447082e+00
5.963359467736861763e-01 2.322281219482421832e+01 1.356149866072537069e+00
1.932583594767945279e+00 2.408055431365966825e+01 1.562340194639341595e+00
1.318666356973787757e+00 2.385603496551513558e+01 1.442396368110762328e+00
8.491277362652485117e-01 2.350996257781982379e+01 1.331763449168637203e+00
2.629619104012546112e-03 2.211038022994994989e+01 1.443342642617216010e+00
5.670749438466786696e-01 2.304943492889404411e+01 1.402861392688219189e+00
-5.003336255013849376e-01 2.091100095748901211e+01 1.295798269630478838e+00
2.162829665848110761e+00 2.434855350494384751e+01 1.606517615880072247e+00
1.294400253508875664e+00 2.363904270172119126e+01 1.538724506735421160e+00
5.490145150390876028e-01 2.293693523406982493e+01 1.323001600044728665e+00
2.162789909050655712e+00 2.465737880706787166e+01 1.498536245135254408e+00
2.057878949075080843e+00 2.436221698760986243e+01 1.443160758120583864e+00
3.789240927629139444e-01 2.274984428405761605e+01 1.300742186272338285e+00
1.113470682544696055e+00 2.386826316833496264e+01 1.410185835402405718e+00
1.359521887740449575e+00 2.382361064910888615e+01 1.446934327203183601e+00
1.489804913001052222e+00 2.427192779541015710e+01 1.398203840190462177e+00
9.108591999501902681e-01 2.340931423187255689e+01 1.238561190936712020e+00
3.427345643157637123e-01 2.279260898590088047e+01 1.314360493041290212e+00
6.792686262651778106e-01 2.317392845153808523e+01 1.485536488508291342e+00
7.661010861615902279e-01 2.351181507110595703e+01 1.543298526091038347e+00
1.149652982483217789e+00 2.365857337951660000e+01 1.482125549817981947e+00
1.486150901889490505e+00 2.418548027038574233e+01 1.542673810059830064e+00
1.003156847056874551e-01 2.221605661392212028e+01 1.233080999034036784e+00
1.033877574039438807e+00 2.361436309814452983e+01 1.485510045620062058e+00
9.307633331453189773e-02 2.190758779525756950e+01 1.388074404495516889e+00
1.366782924657489406e+00 2.381204059600830192e+01 1.618714680302314468e+00
1.136920399221962585e-01 2.239979137420654354e+01 1.458815358881144553e+00
2.383512420013149669e+00 2.494055759429931740e+01 1.579330958025632503e+00
1.981867566595104435e+00 2.459010446548461815e+01 1.601250823925813416e+00
1.573015890074729972e+00 2.398259132385253878e+01 1.475087994026947902e+00
2.177283068850223824e+00 2.445948371887207173e+01 1.498407511717766871e+00
1.155974313278590460e+00 2.374029468536376797e+01 1.417422706522710518e+00
3.461175063537677565e-01 2.291449676513671818e+01 1.387140537935526829e+00
6.931509770856614239e-01 2.333193101882934428e+01 1.467137193217880275e+00
2.049009568988263474e+00 2.437655464172363295e+01 1.582746201140915909e+00
1.741678681896831504e+00 2.392402294158935661e+01 1.710627267826338338e+00
5.665834052599600934e-01 2.309162614822387738e+01 1.268039656213659327e+00
1.723611024580612439e+00 2.399391212463378764e+01 1.340230522862264850e+00
9.281389498259343673e-01 2.314795314788818459e+01 1.508266581737573109e+00
1.416236766437410921e+00 2.385166309356689496e+01 1.432130637472150747e+00
1.741675067642517671e+00 2.425018142700195156e+01 1.438368566207926635e+00
1.600679392594902550e+00 2.404222797393798672e+01 1.513880750904352146e+00
1.231859196857573613e+00 2.348421224594116197e+01 1.578174270640729127e+00
2.088791666223635435e+00 2.444407146453857393e+01 1.466978687738500708e+00
1.524711381166694579e+00 2.395319831848144432e+01 1.546657587116877952e+00
1.427180728500526019e+00 2.397543716430664062e+01 1.360009144149240568e+00
1.492273448697587046e+00 2.398424156188964673e+01 1.534540899379795542e+00
9.245102384945712570e-01 2.355151165008544822e+01 1.516686396399492542e+00
1.688817032986050515e-01 2.235586847305297908e+01 1.325764483262370952e+00
2.302047127773185320e+00 2.466452919006347599e+01 1.501110952171768709e+00
1.904439396423996733e+00 2.420109352111816392e+01 1.483991213965992984e+00
1.174038356340495248e+00 2.348776306152343807e+01 1.457785433921124918e+00
-3.771200816791746568e-01 2.096761602401733526e+01 1.139839823337779112e+00
2.215359238049336987e+00 2.451513406753539925e+01 1.672878254664796005e+00
1.170420487772074525e+00 2.380252117156982550e+01 1.590582876040291138e+00
4.978981162746769495e-01 2.317177894592285270e+01 1.426243320941432025e+00
1.000420421853753572e+00 2.338909610748291001e+01 1.400886213066706576e+00
1.253602550811239391e+00 2.375034078598022447e+01 1.327949240701332023e+00
1.579044466270659974e+00 2.409806262969970803e+01 1.558526285718530469e+00
-2.794267875688715153e-01 2.116488893508910962e+01 1.392290365949117925e+00
5.304589333904640158e-01 2.304967494964599695e+01 1.459459448318339625e+00
-5.578580971647065789e-01 2.081755859375000028e+01 1.028776309807158063e+00
6.273426345344073063e-01 2.294028345108032241e+01 1.337796999942195919e+00
1.136428425947901388e+00 2.377890514373779141e+01 1.344862432014174880e+00
6.634562636409611081e-01 2.332772705078124886e+01 1.553315737612811054e+00
7.644963572461268564e-01 2.337750659942626896e+01 1.396603695152122349e+00
9.522857828984807593e-01 2.371530784606933651e+01 1.483074444142185921e+00
1.623799777442242798e+00 2.404151615142822251e+01 1.509032183645405478e+00
1.356652169815048437e+00 2.391107906341552791e+01 1.353371721761366109e+00
1.688094182123228426e-01 2.222623292922973803e+01 1.164660795080706635e+00
1.580457639707475659e+00 2.401158802032470874e+01 1.569348371348156412e+00
1.356663012577991267e+00 2.391873199462890653e+01 1.437659563931238615e+00
1.677937692813246562e+00 2.418606880187988395e+01 1.555873552301389795e+00
1.796594096632710691e-01 2.242382915496826001e+01 1.210828959101763580e+00
2.951890488136906798e-01 2.277158996582031136e+01 1.354517237430937771e+00
1.912625682445449060e+00 2.426674221038818402e+01 1.673831500700626584e+00
1.750179408043610385e+00 2.427297733306884808e+01 1.580111186466514717e+00
1.010066866618104298e+00 2.349426620483398409e+01 1.557883577790671881e+00
9.378468369136248040e-01 2.340059608459472784e+01 1.524717599022717529e+00
7.609110169665330714e-01 2.328208415985107393e+01 1.445056492487942545e+00
1.432457539799121937e+00 2.389755611419677805e+01 1.481260796247239275e+00
2.771430770233559993e-01 2.243321895599365234e+01 1.457419346287844641e+00
1.854833755962882691e+00 2.416422576904296804e+01 1.469147148513906043e+00
1.724128297634872631e-01 2.214104911804199105e+01 1.279523040849630755e+00
1.742925599635198441e+00 2.433539066314697408e+01 1.540714670299456301e+00
1.865680133159516974e+00 2.421759017944335923e+01 1.416283664369006878e+00
6.394467722323502468e-01 2.326586570739745952e+01 1.287375049383183256e+00
7.552366376933857817e-01 2.319970195770263643e+01 1.400940870841468344e+00
7.588545062618062831e-01 2.322895690917968636e+01 1.568867279989389685e+00
2.199001123023690329e+00 2.461377529144287024e+01 1.406087417030706943e+00
1.800977752428379874e+00 2.401814929962158374e+01 1.594321616661382945e+00
8.312516344276769109e-01 2.320203121185302564e+01 1.419161325920312189e+00
-7.174527249127146122e-01 2.002441175460815259e+01 1.239998034424333540e+00
1.873335123796795232e+00 2.433521083831787024e+01 1.689514145395222044e+00
4.332174210694241800e-01 2.296064842224120994e+01 1.280481637064058820e+00
1.459690946055915539e+00 2.401804771423339702e+01 1.321010733392923964e+00
1.300605928166196801e+00 2.386828048706054517e+01 1.415209565839280037e+00
4.291694562376247024e-01 2.298400501251220618e+01 1.464290891621034651e+00
1.456091148759065312e+00 2.401923515319824176e+01 1.504331655434400616e+00
-1.492485756833777100e-01 2.176719646453857493e+01 1.115175791561880292e+00
2.918314065558855197e-01 2.254630783081054801e+01 1.267113645937884669e+00
7.076947364456267486e-01 2.320211879730224780e+01 1.309564930706613284e+00
1.325880408584744652e+00 2.381079132080078153e+01 1.657242107101709161e+00
2.663693028697013077e+00 2.500390537261962720e+01 1.706747667514572742e+00
9.137108466040205768e-01 2.357786670684814467e+01 1.427736448296169414e+00
-1.999240354214672777e-01 2.146284440994262610e+01 1.314643307084562895e+00
1.434409237128739356e+00 2.384210384368896385e+01 1.313833616036516494e+00
-2.649480847865601785e-01 2.126639390945434727e+01 1.222553218879507853e+00
1.579019166490461146e+00 2.385152936935424961e+01 1.348800236033882438e+00
1.353041529755256045e+00 2.366209056854248161e+01 1.586904482431238828e+00
8.186668009059575590e-01 2.324457923889160327e+01 1.461492539437374116e+00
1.468556711888419297e+00 2.382523822784423828e+01 1.433267504360546951e+00
1.894521882586088557e+00 2.436898475646972528e+01 1.340167836882572683e+00
2.436085363266144999e+00 2.467461536407470746e+01 1.542112203593483777e+00
4.035010220988391461e-01 2.284229358673095689e+01 1.486836959300440908e+00
3.096171520356044704e-01 2.292713977813720660e+01 1.259750186783292314e+00
-8.028860337022240834e-02 2.174339021682739315e+01 1.372804680302070812e+00
3.524987903020201596e+00 2.593877399444579979e+01 1.708179716909334012e+00
2.519144541658630665e+00 2.478549804687499858e+01 1.591870368791771018e+00
1.864700670240394320e+00 2.420150039672851605e+01 1.522323090099966914e+00
2.880725386004803212e+00 2.520843105316162180e+01 1.602298616026313294e+00
3.278445159237729278e+00 2.564158447265624829e+01 1.431446477808016704e+00
2.350803418470484019e+00 2.475515483856201016e+01 1.544100583349869993e+00
2.338341469595444977e+00 2.456884489059448384e+01 1.539341387564703734e+00
-9.381716216208945136e-01 1.833540616035461568e+01 1.181557435147401636e+00
-7.039643278124685377e-01 2.022161550521850515e+01 1.191538460735958926e+00
-7.984409355832168265e-01 1.942748752593994155e+01 1.017604763196694462e+00
-1.010814519080124319e+00 1.730025446891784568e+01 1.033178382135548690e+00
-7.617562542950340188e-01 1.951373920440673970e+01 1.094971719728203396e+00
-2.446648895757935760e-01 2.115622663497924805e+01 1.262419833697367322e+00
2.040447835205487503e-01 2.250040975570678725e+01 1.488949242316362387e+00
-6.445459868885550225e-01 2.039385063171386747e+01 1.404644397025644809e+00
-8.490404959807100749e-01 1.914557991027832173e+01 1.242790429697862242e+00
-2.284730302485957765e-01 2.133475263595580884e+01 1.224626701304948551e+00
-8.851107540354945513e-01 1.855323891639709544e+01 1.120396734289174301e+00
-8.701838837182339637e-01 1.879425825119018612e+01 1.264450085229740672e+00
-5.716103348298824383e-01 2.069034633636474751e+01 1.279101394161280547e+00
-5.625024139583336691e-01 2.073320978164672823e+01 1.164330704110407400e+00
-5.536113483456313045e-01 2.061513427734374915e+01 1.226177866670719929e+00
-5.548763373555686274e-01 2.069160467147827021e+01 1.176145194278568784e+00
-7.350107723706448271e-01 2.002148529052734460e+01 1.166560043395286739e+00
-1.708618164817355123e-01 2.139402879714965877e+01 1.353347583256025777e+00
-3.332502628145479484e-01 2.143590965270995952e+01 1.245241512153331342e+00
-6.547016068238512010e-02 2.202400480270385685e+01 1.430321329624793636e+00
-8.812796444625414782e-01 1.868581276893615595e+01 1.141496566976081262e+00
-5.408891731599758668e-01 2.079406583786010643e+01 1.293261407462042767e+00
-6.690867736813391753e-01 2.017394584655761847e+01 1.212270226643936910e+00
-6.423774343000909770e-01 2.038194805145263544e+01 1.124074118288102886e+00
-8.763642585953563824e-01 1.884725175857543888e+01 1.114773147564318556e+00
-3.252989033235132443e-01 2.122929243087768469e+01 1.350288819317579048e+00
-2.430746176775866740e-01 2.134103786468505959e+01 1.307894468979036384e+00
-2.825784173307724911e-01 2.138021440505981374e+01 1.444269997063708733e+00
-7.151685161861992546e-01 2.007040819168090806e+01 1.153405443637287142e+00
-3.624895802156709035e-01 2.123878492355346737e+01 1.213672556473117004e+00
-7.993444991617433271e-01 1.944574596405029254e+01 1.127997289405696657e+00
-7.377937481925068708e-01 1.983357654571533146e+01 1.179571759250017227e+00
-5.177579455496932326e-01 2.085377050399780430e+01 1.273000678761486926e+00
-4.579781791943689506e-01 2.112452587127685533e+01 1.269396042712358730e+00
-3.420690433409682152e-01 2.127855770111084155e+01 1.263138340086939371e+00
-2.143051533372975215e-01 2.159035552978515682e+01 1.320633002171372139e+00
-7.967060935124454790e-01 1.951852464675903320e+01 1.199167412062748461e+00
1.467588526419582040e-01 2.237597772598266488e+01 1.205658518782123156e+00
-4.272208749813212192e-01 2.122298152923583814e+01 1.304868271460738027e+00
-5.204324937421320740e-01 2.099066383361816435e+01 1.302540643591458824e+00
-4.489425434091023348e-01 2.080419296264648565e+01 1.176004467070874027e+00
-6.045723341745352641e-01 2.035082176208496207e+01 1.149290501656882180e+00
-5.855252139391931010e-01 2.049238822937011761e+01 1.202138527145997671e+00
-4.130168555268820541e-01 2.102227233886718594e+01 1.168018017052079083e+00
-2.964210113538010005e-01 2.103683559417724780e+01 1.244222240903229526e+00
-3.156849868479895682e-01 2.116198169708252053e+01 1.227302227592548922e+00
-3.510323940399527332e-01 2.119145767211914233e+01 1.262940446128599126e+00
-9.767316662107559944e-02 2.171163402557372990e+01 1.232522999262306573e+00
-4.166672523841297160e-01 2.087802564620971779e+01 1.225368737945026432e+00
-2.629891589483144276e-01 2.141768142700195199e+01 1.152558729127612036e+00
-2.663142729172924827e-01 2.134070287704467717e+01 1.184798554402413551e+00
-7.448776866481560122e-01 1.988804822921752802e+01 1.164528139809076768e+00
-3.762237466092762106e-01 2.108717443466186481e+01 1.292099943024306086e+00
-6.317515266166173760e-01 2.020705396652221708e+01 1.286337435650045213e+00
-1.315025870011138909e-01 2.143549537658691406e+01 1.280708021719200618e+00
-6.513046424559343350e-01 2.033176816940307674e+01 1.221493443632983844e+00
1.650112716155395162e-02 2.189349351882934513e+01 1.288756168173363914e+00
-2.803014371128852988e-01 2.123009254455566364e+01 1.303043873403855413e+00
-7.378298907356479752e-01 1.989039300918578945e+01 1.227947998707737520e+00
1.653726970469505606e-02 2.206637708663940600e+01 1.149950997754442428e+00
-3.927770313678847214e-01 2.116210948944091896e+01 1.357664714878584755e+00
-6.470398223652885639e-01 2.030361485481262207e+01 1.306920816264821150e+00
-6.916758631445059091e-01 2.023256067276000891e+01 1.073086222143593060e+00
-4.083544674616844117e-01 2.126312898635864101e+01 1.195086100086891312e+00
-4.330398244270329267e-01 2.104111816406249957e+01 1.130897171677714086e+00
-1.600551960825566111e-01 2.132097743988036953e+01 1.279070208617412385e+00
-1.010272380933008307e+00 1.718224596977233887e+01 1.091040919731933290e+00
-5.184085113262323352e-01 2.085316816329956069e+01 1.250598620862040988e+00
-2.280754622740440440e-01 2.127548042297363295e+01 1.247698809158841682e+00
-9.659616230420606797e-01 1.780563640594482422e+01 1.026187757322953642e+00
-4.019210947825745395e-01 2.100616111755370952e+01 1.311551769844721438e+00
1.648301242124915467e-01 2.232980373382568473e+01 1.233288684734352492e+00
-5.419373069110667851e-01 2.050480163574218651e+01 1.212739214209425986e+00
-6.547381840543357034e-01 2.018086193084716840e+01 1.285689053033976181e+00
-5.273718620252169087e-01 2.060241956710815359e+01 1.197018875637369639e+00
1.650112716155395162e-02 2.202376745223999066e+01 1.330486145708057677e+00
-2.540619507924709031e-01 2.130719629287719741e+01 1.160205437231990766e+00
-8.599912518651103843e-02 2.179135131835937500e+01 1.476132787315508121e+00
-7.875981726408968209e-01 1.953184980392456183e+01 1.364881490040463996e+00
-3.633208587079153618e-01 2.118580411911010586e+01 1.171858254080732520e+00
-7.422031384557170597e-01 2.011998559951782184e+01 1.073143435894648778e+00
-5.322872478924020045e-01 2.061295507431030316e+01 1.213619734526925953e+00
-5.096258733429531729e-01 2.075460180282592759e+01 1.254809768967998229e+00
-9.463719299722597733e-02 2.163844236373901353e+01 1.294930481236313380e+00
-4.583396046257796064e-01 2.098960464477539034e+01 1.223137831236414286e+00
-6.175113646190371064e-01 2.058267835617065344e+01 1.098919425214409884e+00
-2.721693649061452946e-01 2.129086587905883832e+01 1.215161331999197625e+00
-6.708939008383925096e-01 2.044476512908935462e+01 1.268252375421777822e+00
-4.220163487690076209e-01 2.106349882125854478e+01 1.189104881613306519e+00
-3.944034458092326445e-01 2.092165811538696119e+01 1.197422006075508527e+00
-6.319318046449805271e-02 2.169105611801147404e+01 1.287158948754053789e+00
-2.777714590930106531e-01 2.101789804458618249e+01 1.299904483640255570e+00
-4.546530652253908400e-01 2.093331480026245117e+01 1.276943860892820748e+00
-3.659231218140721609e-01 2.123222517013549648e+01 1.159189057311105442e+00
-6.820980892121231154e-01 2.031062925338745018e+01 1.111831591763401184e+00
-4.093664586696342811e-01 2.121851285934448228e+01 1.180891250637669865e+00
-1.851381210224568863e-01 2.155030380249023381e+01 1.267664820311942275e+00
-2.790364481029479204e-01 2.128192577362060689e+01 1.129550760191805114e+00
-3.727179199245927443e-01 2.121696973800659336e+01 1.248611886416134409e+00
-1.783071803687952817e-01 2.144382804870605597e+01 1.351647165799172656e+00
-5.321788202629788023e-01 2.072896459579467887e+01 1.270650760091100340e+00
-4.671218079217162589e-02 2.161556385040283246e+01 1.385422100263562273e+00
-5.040237791560877589e-01 2.072048465728759936e+01 1.378727748466612724e+00
-5.943801370087544722e-01 2.044162994384765497e+01 1.250946284904714378e+00
-3.760430338935707995e-01 2.105632066726684570e+01 1.301071009567031700e+00
-2.593387620910666547e-01 2.147174364089965692e+01 1.186276757633575096e+00
-5.153363951592416781e-01 2.081478052139282298e+01 1.368046003544419964e+00
-5.424071599719005876e-01 2.062301807403564524e+01 1.118820383981736777e+00
2.048037769265110830e-01 2.241110582351684499e+01 1.194429484085568927e+00
-5.246250287464958584e-01 2.068746906280517450e+01 1.114362716595941549e+00
-2.823615620719260866e-01 2.121493133544921861e+01 1.261861161552851884e+00
-4.145709848819478793e-01 2.065369911193847585e+01 1.280053391529863971e+00
-2.686635382214618839e-01 2.147617713928222827e+01 1.248708468337513366e+00
-6.862906242164868997e-01 2.033213703155517749e+01 1.188715232851982551e+00
-5.303716931059254680e-01 2.065352344512939453e+01 1.416127961677944969e+00
-1.543085317231268905e-01 2.128212347030639506e+01 1.308557389045399422e+00
-5.420457345404898764e-01 2.047668479919433437e+01 1.200863405064296341e+00
-4.599660190671276405e-01 2.093838497161865320e+01 1.408249287313326104e+00
1.451685807437512743e-01 2.217985353469848775e+01 1.282690705374693874e+00
1.971415577806051311e-01 2.257818639755248924e+01 1.568828588883139474e+00
-2.654464171945633208e-02 2.171590728759765554e+01 1.300152491391320497e+00
-5.081078865310283410e-01 2.068762460708618178e+01 1.250881979726524484e+00
-2.992039871756630998e-01 2.133476587295532312e+01 1.209529316268800558e+00
-4.401237628826820680e-01 2.107907604217529141e+01 1.291293308197595024e+00
-5.606230017149981260e-01 2.053231662750244269e+01 1.208785568235251517e+00
-4.549060630273782380e-01 2.099295124053955064e+01 1.295387102741360597e+00
-7.266257023619173694e-01 2.016770261764526495e+01 1.321334380222362048e+00
-4.359673704214593326e-01 2.107745958328247227e+01 1.238768112871012184e+00
-7.098917048876034475e-01 2.021059890747070398e+01 1.194094009842100235e+00
-1.746206409684064043e-01 2.155505359649658104e+01 1.360702180572486597e+00
-6.474012477966991641e-01 2.018819501876831168e+01 1.251742498592787634e+00
3.815051050305285490e-02 2.208381761550903377e+01 1.199232438143186252e+00
-4.626405672595665375e-01 2.113089031219482550e+01 1.278245171521390722e+00
-4.694353653700870099e-01 2.089124660491943430e+01 1.425967267688891482e+00
-2.677238320997941123e-01 2.121575338363647489e+01 1.238963374258814865e+00
-6.332333708854011034e-01 2.042673032760620089e+01 1.115081552874028992e+00
-6.066324591335761074e-01 2.061577894210815387e+01 1.287064748692123839e+00
-8.239937135839507931e-01 1.914932748794555550e+01 1.047020650516925055e+00
-6.258241495414823552e-01 2.038628261566162081e+01 1.237401200132560941e+00
-5.231427497903694268e-02 2.175250358581542898e+01 1.340438533025043011e+00
-2.719163671041577857e-01 2.136775489807128992e+01 1.271055845803941597e+00
1.508429600168985918e-01 2.208666418075561566e+01 1.512731589288136780e+00
-7.448776866481560122e-01 2.004220687866211037e+01 1.192297949484698361e+00
-4.772421546885574073e-01 2.079286668777465863e+01 1.474878996979723356e+00
-5.105294369214798955e-01 2.076471267700195256e+01 1.267440529378260461e+00
-3.219737893545351337e-01 2.124867084503173942e+01 1.295381031950660455e+00
-2.795063011637818895e-01 2.117726184844970660e+01 1.170632140007997757e+00
-1.277799050575841311e-01 2.162809257507324290e+01 1.192627262803400257e+00
-4.127638577248945451e-01 2.093054189682006694e+01 1.359433970214422471e+00
-4.764470187394539424e-01 2.071023580551147347e+01 1.240694561177612565e+00
-7.582142850672095591e-01 1.970212717056274343e+01 1.042900313269036650e+00
-7.586841381280434726e-01 1.985453753471374583e+01 1.310581317368492593e+00
-4.517978043172465319e-01 2.080815427780151339e+01 1.330339795512591294e+00
-3.730793453560034001e-01 2.133257444381713697e+01 1.346647334596025258e+00
-5.104571518351976867e-01 2.066381895065307717e+01 1.356199539097869833e+00
-5.958258387343970952e-01 2.057443571090698242e+01 1.111970729924531609e+00
-8.866287408474192722e-01 1.871919952392578068e+01 1.037125737918962010e+00
-6.692313438539033710e-01 2.027892936706543026e+01 1.174983648278844939e+00
-5.168905245143075033e-01 2.078450656890869297e+01 1.316066885824511257e+00
-5.285284234057310293e-01 2.081669397354125906e+01 1.140472758613455095e+00
-5.535029207162081022e-01 2.057908212661743264e+01 1.346416765625689349e+00
-3.252627607803722509e-01 2.105401872634887539e+01 1.363545417215643374e+00
-9.117839508736017562e-01 1.865185282707214398e+01 1.172618813727366538e+00
-6.114394173713378899e-01 2.064393758773803711e+01 1.321580088184947321e+00
-8.446672482606408794e-01 1.907456933021545353e+01 1.075235422043613776e+00
-5.321065351766967044e-01 2.065471414566039954e+01 1.149202973460673904e+00
-6.988320866864370373e-01 2.005984857559204215e+01 1.177437374751745258e+00
-5.123727066216742232e-01 2.082856712341308736e+01 1.048118508296338236e+00
-2.444480343169471714e-01 2.118386180877685376e+01 1.221133345720445407e+00
-6.711468986403799075e-01 2.050038747787475657e+01 1.208111158691738352e+00
-5.533583505436437955e-01 2.049461685180664006e+01 1.080927739229012641e+00
-3.869580819221730139e-01 2.103771909713745103e+01 1.389386889992291207e+00
-2.828314151327600001e-01 2.134208438873291058e+01 1.381794848374825246e+00
-6.505095065068309257e-01 2.032228057861328097e+01 1.244487305739274241e+00
-2.717356543884524855e-01 2.107930116653442454e+01 1.177112939086435217e+00
-6.450519824925299295e-01 2.040735725402831946e+01 1.242784384242751505e+00
-6.792066857608378694e-01 2.048657806396484204e+01 1.293798835481685172e+00
-9.580102635510259201e-01 1.801311817169189311e+01 1.193001849323226837e+00
-1.038318994410476037e+00 1.676781283378601017e+01 1.003913475144477818e+00
-1.673921323401930672e-01 2.146443630218506016e+01 1.237156314867360551e+00
-4.288472894226691978e-01 2.093423307418823143e+01 1.348727962908363720e+00
-1.564770843115910470e-01 2.165279170989990121e+01 1.145910216686005789e+00
-4.522676573780803344e-01 2.108699926376342759e+01 1.091567538604605092e+00
-5.920670142477262310e-01 2.059184185028076186e+01 1.291013372726486308e+00
-4.086074652636719207e-01 2.111986249923706183e+01 1.156053009108781504e+00
-9.102659640616768133e-01 1.852643411636352511e+01 1.018335464377570165e+00
-3.107696009808044724e-01 2.115576185226440487e+01 1.214218452031665896e+00
-6.592921444901101991e-01 2.030728347778320142e+01 1.027255957832869049e+00
-6.098852880162720647e-01 2.037701677322387539e+01 1.159632175183847425e+00
1.674323873186483180e-01 2.220954462051391687e+01 1.527128764871004796e+00
-8.308969393238946344e-01 1.905556579589843835e+01 1.186616868135095260e+00
-7.415525726791777350e-01 1.987610412597656406e+01 1.111747405578361381e+00
-6.150536716854445585e-01 2.058549459457397290e+01 1.179127360881802922e+00
-2.538812380767655474e-01 2.129423582077026467e+01 1.250821964991408963e+00
-7.826827867737116140e-01 1.961365644454956225e+01 1.035657901791537050e+00
-7.018680603102865900e-01 1.994147909164428611e+01 1.290739237334175504e+00
-2.065706491051093607e-01 2.163475242614746108e+01 1.352586527830080376e+00
-4.031499412493708134e-01 2.092093303680420036e+01 1.111235991626425834e+00
-1.647537266908951636e-01 2.136395542144775561e+01 1.465411079328060806e+00
-2.833735532798759560e-01 2.111771215438842830e+01 1.196136995774112144e+00
-6.873749005107189225e-01 2.007801076889037972e+01 1.190090061434347257e+00
-5.321788202629788023e-01 2.073296667098999180e+01 1.199281482467327464e+00
-7.594431315340057775e-01 1.982692100524902301e+01 1.100325533673948808e+00
-1.237676480815828525e-02 2.197484117507934442e+01 1.473989420256166083e+00
-7.629489582186892438e-01 1.976419879913330035e+01 1.059695916455059228e+00
-7.871283195800627963e-01 1.947823154449462990e+01 1.105697386010632943e+00
2.441268638639916000e-01 2.276969432830810547e+01 1.242266524879413359e+00
-6.073914525395384123e-01 2.063114385604858469e+01 1.174627650698244929e+00
-4.956387091473603568e-01 2.092800926208495937e+01 1.412311103692615033e+00
-4.593515958337294758e-01 2.090254207611084070e+01 1.393596785623223422e+00
-4.767000165414414514e-01 2.101080112457275462e+01 1.248218526026349418e+00
-4.805672686575355734e-01 2.096250061035156165e+01 1.082180284818048843e+00
-5.332992391003518184e-01 2.057763114929199233e+01 1.258114904270894563e+00
-7.063497356597788768e-01 2.028138483047485252e+01 1.172212598512346826e+00
-7.271316979658921653e-01 1.987211830139160185e+01 1.182102595368371034e+00
-7.107591259229889546e-01 2.056691322326660298e+01 1.228402127910031005e+00
-3.996441145646873472e-01 2.117035583496093665e+01 1.237697756757713208e+00
-3.801994263547935349e-01 2.096102380752563477e+01 1.398331458331393717e+00
-1.996674233651655472e-01 2.162007410049438505e+01 1.184666140551203117e+00
-4.306182740365814277e-01 2.133085556030273366e+01 1.217073193248857876e+00
-2.049442346637613543e-01 2.139051866531372070e+01 1.258893837999081056e+00
-3.839582508414643991e-01 2.128156583786010714e+01 1.298849753663918305e+00
-2.962041560949545960e-01 2.130311183929443430e+01 1.257485978465127552e+00
-1.095279207713454744e-01 2.179504291534423999e+01 1.194599093400011691e+00
1.071827679024901642e-01 2.253809345245361229e+01 1.308893630283566534e+00
-4.993975336340313320e-01 2.077527669906616126e+01 1.225833918732582850e+00
-1.386949530861861235e-01 2.148227838516235266e+01 1.270029404892999869e+00
-4.657488259696982436e-01 2.100886159896850458e+01 1.200885616324506744e+00
-8.959173744346734525e-01 1.858449181556701646e+01 1.179873514695806813e+00
-5.791279838032243887e-01 2.056793943405151381e+01 1.286881040000941390e+00
-2.406892098302762795e-01 2.129309431076049819e+01 1.433415801069418016e+00
-3.768020272995332709e-01 2.106315431594848775e+01 1.304258701168847789e+00
-5.357207894908032619e-01 2.066303646087646584e+01 1.151936834827198330e+00
-3.510685365830937821e-01 2.099781490325927891e+01 1.203265143694109973e+00
-6.165355159542282859e-01 2.056204799652099524e+01 1.153207628583033495e+00
-4.104145924207252549e-01 2.106301528930664091e+01 1.207701372853200228e+00
-7.306736671937167360e-01 1.996451026916503935e+01 1.083854330303295921e+00
-1.172985675466747535e-01 2.150125837326049805e+01 1.419604974959284727e+00
-1.059859515435208205e-01 2.193179983139038214e+01 1.267728407022374881e+00
-5.755860145753998180e-01 2.071895345687866197e+01 1.108762438932104244e+00
-6.066320244462326122e-02 2.167330099105835117e+01 1.226028884784170492e+00
-4.524122275506446411e-01 2.101899963378906122e+01 1.161993576472365231e+00
-2.009324123751029534e-01 2.139439573287963725e+01 1.328821695854660367e+00
2.800164092030709706e-01 2.277801307678222642e+01 1.526371405525864144e+00
-6.763152823095525124e-01 2.029163997650146456e+01 1.181283548218228008e+00
-1.025885524882605704e-01 2.156607570648193217e+01 1.181393583204369824e+00
-1.152384425876338964e-01 2.154779914855956946e+01 1.236273875814560608e+00
-8.447756758900641927e-01 1.909513645172119212e+01 1.210549385488561391e+00
-4.273293026107444215e-01 2.095643632888793917e+01 1.298368969766232839e+00
-6.432809978786175886e-01 2.050920244216919031e+01 1.101628419767491485e+00
-7.450222568207202078e-01 2.004190458297729549e+01 1.192025026560078027e+00
-9.715637172289259826e-01 1.777678355216979966e+01 1.181994611245288818e+00
-5.407084604442704556e-01 2.071637218475341768e+01 1.364287582780832508e+00
-2.849999677212239901e-01 2.133320419311523608e+01 1.279326733356132451e+00
-3.588391833584231305e-01 2.133749361038207937e+01 1.274411803982019142e+00
-2.827229875033367978e-01 2.110525651931762781e+01 1.432217967840353490e+00
-1.456343213692710414e-01 2.143233367919921761e+01 1.247905008696416074e+00
-5.177218030065521281e-01 2.090671178817748910e+01 1.231072109939248982e+00
-7.947543961828279491e-01 1.943583423614501982e+01 1.121260500511209068e+00
-7.018680603102865900e-01 2.008910144805908260e+01 1.081840833630613785e+00
-2.901683513903965395e-01 2.135959350585937599e+01 1.255792772252155354e+00
2.730774756073285278e-02 2.204969579696655302e+01 1.496964013956813000e+00
-2.903129215629607351e-01 2.113015811920165987e+01 1.161322405438862670e+00
-3.297801439856620775e-02 2.158696773529052848e+01 1.204187408397444425e+00
-3.800548561822292282e-01 2.101736370086669936e+01 1.464094644810665313e+00
-2.300994446899438106e-01 2.151716966629028249e+01 1.283947954029851735e+00
-1.495377160285061291e-01 2.162151767730712848e+01 1.176541586483283774e+00
-8.455342346086833216e-02 2.175716787338256708e+01 1.499507729042566018e+00
-6.214509018214133818e-01 2.038329669952392464e+01 1.444266925032143600e+00
-2.177025523925577855e-01 2.164282890319824304e+01 1.280398530606959628e+00
-3.975117045193644061e-01 2.109710287094116055e+01 1.327059169359300350e+00
-5.817663894525221258e-01 2.064032154083252024e+01 1.180139540319597558e+00
-7.206983252867823486e-01 1.984193260192871122e+01 1.296701682107468612e+00
-4.667969597207892174e-01 2.107889158248901396e+01 1.201870278860972974e+00
-4.274377302401676237e-01 2.104354423522949347e+01 1.440786739417712514e+00
-7.847790542758935617e-01 1.964569229125976690e+01 1.121922854759390908e+00
-4.918437421175483881e-01 2.087658439636230412e+01 1.294962163021648793e+00
-5.780437075089923660e-01 2.033940292358398594e+01 1.324949913315300876e+00
-1.214188174647562596e-01 2.174918886184692468e+01 1.297358498301588892e+00
-8.305355138924839231e-01 1.918029449462890668e+01 1.094510350221217010e+00
-3.467675739493068510e-01 2.141943948745727511e+01 1.151928860074667771e+00
-7.817430806520438979e-01 1.966950030326843191e+01 1.241960466942441332e+00
-4.754345928441618824e-02 2.186361846923828267e+01 1.276977439553611093e+00
-6.439315636551568023e-01 2.051761089324951115e+01 1.264255919653038074e+00
-8.528354630105220435e-01 1.884731025695800710e+01 1.203311208661963727e+00
-6.339923642913635193e-01 2.049515012741088782e+01 1.221734472919185022e+00
-1.343939904523993312e-01 2.161952787399291864e+01 1.212725838074624862e+00
-7.264449896462119582e-01 1.994672945022583121e+01 1.217082313261573789e+00
-4.960724196650532214e-01 2.076662361145019631e+01 1.310632944857515358e+00
-7.043257532438792490e-01 2.023038856506347827e+01 1.143898501544947433e+00
-4.683510890758550427e-01 2.091763380050659293e+01 1.159169067702705558e+00
-6.354019234738651489e-01 2.024633178710937642e+01 1.255072724476758772e+00
-4.048486407770009454e-01 2.101471181869506921e+01 1.296416764654065856e+00
-5.211192020618123921e-01 2.098437973022461023e+01 1.309504531051008280e+00
-2.179916927376863989e-01 2.128003601074218665e+01 1.302875941262130910e+00
-4.758325955060558887e-01 2.095247930526733526e+01 1.235156560344227161e+00
5.419779965768644486e-02 2.204235374450683693e+01 1.451666411871024520e+00
-7.459619629423879239e-01 2.014879949569701978e+01 1.138271334483537345e+00
-6.531117696129876693e-01 2.007087589263916172e+01 1.144879326018968690e+00
-5.907658826946478037e-01 2.055498918533325181e+01 1.217247819997951064e+00
-1.268040563927753661e-01 2.149636455535888757e+01 1.226052099392499262e+00
-7.256498536971085489e-01 1.996030492782592702e+01 1.077932205737823779e+00
-2.159677103217866601e-01 2.139343505859374872e+01 1.306462785360349876e+00
-7.146263780390831322e-01 2.007340774536132955e+01 1.258300676105827520e+00
-5.423710174287594832e-01 2.061302505493164006e+01 1.287138031179246855e+00
-5.761281527225158294e-01 2.049107679367065415e+01 1.225038441851688198e+00
-2.681575426174869214e-01 2.117718427658081026e+01 1.318422410933173028e+00
-5.920670142477262310e-01 2.027679683685302692e+01 1.134564135055040834e+00
-2.866986672488541221e-01 2.125222061157226605e+01 1.286924525348771331e+00
-2.721332223630041902e-01 2.112847017288207851e+01 1.221221573341367161e+00
-3.429003218332127290e-01 2.113942140579223761e+01 1.322329443603815324e+00
-8.620879540546351194e-01 1.885546802520751797e+01 1.075309353990546279e+00
-9.432713344580990755e-01 1.795936084747314609e+01 1.134891098126531883e+00
-1.675367025127574849e-01 2.134782026290893597e+01 1.377391354699495141e+00
-1.748013536841117044e-01 2.154226545333862219e+01 1.341864272348519016e+00
2.423563139374232747e-02 2.204015052795410057e+01 1.494503268123916317e+00
1.377955019429735195e-01 2.233080606460571360e+01 1.529271593680716412e+00
2.611504363707766591e-02 2.181120803833007926e+01 1.278562520234161726e+00
-5.902237445475317923e-01 2.048135820388793960e+01 1.192873155382381034e+00
-8.527627432368978244e-02 2.175315496444702035e+01 1.297522390534907144e+00
-7.497930725153409970e-01 1.964088863372802862e+01 1.303102528982446273e+00
-3.813559877353076000e-01 2.113996648788452148e+01 1.205840018756673571e+00
-7.377937481925068708e-01 2.010236719131469840e+01 1.185964471417057853e+00
-6.110779919399271787e-01 2.061797576904296747e+01 1.303759629320997870e+00
-5.266128686192544928e-01 2.058531082153320213e+01 1.281335471192908360e+00
-2.654107093387659266e-01 2.146509712219238253e+01 1.252257266462290408e+00
-2.604591809284396708e-01 2.127473306655883789e+01 1.181670614653589357e+00
-7.021572006554152034e-01 2.014356578826904354e+01 1.196274032645118446e+00
-5.245884515160115225e-02 2.178327110290527457e+01 1.296956414299767157e+00
-1.636694503966632797e-01 2.135174480438232436e+01 1.264283434474328116e+00
-4.987469678574921184e-01 2.096379535675048800e+01 1.093117129842288593e+00
-9.299275075304170857e-01 1.834261953353881935e+01 1.211583542232713029e+00
-2.378339489221319714e-01 2.119249874114990106e+01 1.267246230571296373e+00
-9.008323256145163438e-02 2.186717260360717674e+01 1.075990693434013545e+00
-1.928726252546450470e-01 2.145095375061035270e+01 1.207769763217191539e+00
-1.613563276356349274e-01 2.143532258987426786e+01 1.299249584372332178e+00
-1.118049009892325418e-01 2.172329809188842731e+01 1.328246873721268040e+00
-4.848682312913224490e-01 2.075913772583007955e+01 1.221986823928746357e+00
-2.097873354446642968e-01 2.122925762176513587e+01 1.362409215862353307e+00
-7.230114480478107009e-01 2.003709079742431598e+01 1.094886388785414777e+00
-5.105294369214798955e-01 2.089237871170043803e+01 1.293481557936300375e+00
-9.666844739048819912e-01 1.800833476066589256e+01 8.545582065028229923e-01
-3.948367216395828883e-02 2.184191205978393668e+01 1.351610947190218681e+00
-5.296484075557619103e-02 2.161174699783325082e+01 1.369294926583266125e+00
-4.452560040087134574e-01 2.117899877548217802e+01 1.378805565069648909e+00
9.381046162763926125e-03 2.187297672271728644e+01 1.248938400652195302e+00
-4.054269214672580057e-01 2.108443067550659222e+01 1.241269338073250239e+00
-5.208662042598248831e-01 2.056501525878906378e+01 1.289523728135364866e+00
-7.736105737579609953e-02 2.168376201629638800e+01 1.350594303089285741e+00
-7.754904206886393814e-01 1.955157052993774514e+01 1.087774846047086186e+00
-8.623048093134814129e-01 1.899457168579101562e+01 1.063338920495638718e+00
-4.391117716747321986e-01 2.090833913803100685e+01 1.133736584523430846e+00
-7.131445337702995158e-01 2.021664482116699091e+01 1.037894267203699705e+00
-3.948010137837844047e-01 2.115376094818115149e+01 1.229954915358120182e+00
-1.212376700617076586e-02 2.199303947448730412e+01 1.575091685405852981e+00
-3.811391324764613064e-01 2.111761091232299847e+01 1.408660289588779202e+00
-4.832418168499745259e-01 2.073548856735229506e+01 1.264219765571064968e+00
-8.362460357087724283e-01 1.911436029434204187e+01 1.232508138584530455e+00
2.025990817949060441e-01 2.253648170471191392e+01 1.447286537780867244e+00
-4.064750552183489796e-01 2.104307071685791186e+01 1.361816028508934462e+00
-2.366412449984768018e-01 2.139925933837890781e+01 1.221915894935322378e+00
-5.079271738153230409e-01 2.086330390930175938e+01 1.259525410472179585e+00
-4.006561057726372166e-01 2.129164691925048913e+01 1.297401930217050303e+00
-7.492147918250839922e-01 1.974943964004516772e+01 1.233834498281081826e+00
-6.498227981871507186e-01 2.046922285079956083e+01 1.155006555036110605e+00
-2.577484901928597250e-01 2.149447904586791935e+01 1.326752677844781125e+00
-2.472671526819503751e-01 2.117608695983886591e+01 1.092906028632315563e+00
-3.860906608867873402e-01 2.104443603515624872e+01 1.197841336608688634e+00
3.404976588520288949e+00 2.574283679962158189e+01 1.661596296771193026e+00
2.211813654567198029e+00 2.451917839050292969e+01 1.711229920403941840e+00
-9.913373025814036232e-01 1.747779694557189956e+01 1.191473477985898199e+00
-1.060709299886366752e+00 1.626709987640380817e+01 1.003155416483277440e+00
-9.007640894698905054e-01 1.847427212715149025e+01 1.168837815871561325e+00
-1.079239581754791732e+00 1.581424251556396499e+01 9.398699399790081399e-01
-1.118226543041060284e+00 1.520573704719543429e+01 9.345969989355474850e-01
-1.095163986262745803e+00 1.549894181251525893e+01 1.021399218265074849e+00
-1.043024753527442838e+00 1.640804769515991168e+01 1.041842911206320998e+00
-1.019752569998910063e+00 1.730537468910217314e+01 1.084185411450672820e+00
-1.017067179043528835e+00 1.711503406524658288e+01 9.937020033925273443e-01
-1.101994926916407325e+00 1.546227055549621632e+01 9.647696421769684783e-01
-8.853637518374820603e-01 1.856798946380615334e+01 1.114444474356546477e+00
-9.413666224345648148e-01 1.803649785995483512e+01 9.800470717804342646e-01
-1.070424415482685410e+00 1.597373077392578189e+01 9.765811353531262951e-01
-9.920384679183401611e-01 1.739261076927185101e+01 1.097337220159541271e+00
-9.167607790641266741e-01 1.835009582519531079e+01 1.094241697279858760e+00
-1.083898355565675153e+00 1.579192995071411154e+01 1.017057218856295631e+00
-9.783006872704207435e-01 1.779033443450927621e+01 1.084391934922794398e+00
-1.080132302570375957e+00 1.590697482109069760e+01 9.460479849078750059e-01
-1.113697882385484617e+00 1.530111804962158217e+01 1.035352942104714957e+00
-9.932709286394506565e-01 1.754885381698608526e+01 1.119346035585653487e+00
-1.089355879579976261e+00 1.566560400009155352e+01 1.009555081568699331e+00
-1.044340342097777707e+00 1.660455526351928768e+01 1.118281930088698140e+00
-1.108992123268517815e+00 1.542747014999389599e+01 9.782085883924582781e-01
-1.059278055177980571e+00 1.628627265930175838e+01 1.054291060532041024e+00
-1.060141861959052134e+00 1.617086583137512079e+01 9.755367985452203516e-01
-1.132181178947825995e+00 1.511139191627502498e+01 9.631381045533202734e-01
-1.118786752459746792e+00 1.524571229934692340e+01 1.001308897281554700e+00
-1.070240088512666166e+00 1.607435039520263587e+01 1.128988692520027426e+00
-9.756478246038664537e-01 1.771140008926391474e+01 1.118999443966784302e+00
-1.106440459722758396e+00 1.540625945091247573e+01 1.113833965411870963e+00
-1.107242824180490137e+00 1.541955924034118652e+01 1.068201662968775389e+00
-1.114026779528068278e+00 1.547029273033142083e+01 9.539364688735036957e-01
-1.133952163561738224e+00 1.501103384971618659e+01 1.058301197762527845e+00
-9.717769582334582212e-01 1.749831198692321621e+01 1.075575391626731214e+00
-1.029055660603420685e+00 1.699657341957092171e+01 1.024120811307921208e+00
-8.872540068437597682e-01 1.861951955795288072e+01 8.877547486350464423e-01
-1.055508387928367320e+00 1.630695498466491600e+01 9.858076799358987952e-01
-1.118121729665951136e+00 1.522563323020935044e+01 1.084169977486072689e+00
-1.121399858328845811e+00 1.518188759803772037e+01 1.117930710534969174e+00
-1.073894099624227882e+00 1.597732474327087360e+01 9.565976431540345049e-01
-1.085882581184119733e+00 1.571593326568603466e+01 1.104409371433344056e+00
-1.036822693124435757e+00 1.681172320365905648e+01 1.088386053584894153e+00
-1.085188644355811194e+00 1.563463655471801772e+01 1.148977182016769794e+00
-1.107123553788124770e+00 1.522301066398620684e+01 1.014271910254876952e+00
-1.024805297530031245e+00 1.689718537330627512e+01 1.051044118924473025e+00
-1.060506901644776789e+00 1.640294751167297349e+01 9.273337282137342763e-01
-1.114276163075741621e+00 1.543941357612609799e+01 1.200017866856684767e+00
-1.119166249162727889e+00 1.527148750305175717e+01 1.127531942937266773e+00
-1.114337605399081665e+00 1.544202386856079023e+01 9.817517080044545486e-01
-1.114095450360036210e+00 1.512251636505127017e+01 1.028045846313855316e+00
-1.036313083266146684e+00 1.682698790550232104e+01 1.085896893138653452e+00
-1.114355676670652162e+00 1.529292037963867124e+01 1.074327732843889383e+00
-1.122155237480494172e+00 1.515666046142578161e+01 1.047964649585925390e+00
-1.117633805333546837e+00 1.517022728919982910e+01 1.071869356736574463e+00
-1.113238872087592979e+00 1.535230777740478558e+01 1.104339376953471508e+00
-1.080873224704767877e+00 1.575242316246032637e+01 9.387642449780180254e-01
-1.070023233253819761e+00 1.597322901725769029e+01 1.129454854757711457e+00
-1.130959560989658108e+00 1.489123280525207527e+01 1.043486881858419313e+00
-1.120969762065467279e+00 1.518826848983764677e+01 1.074735983833451147e+00
-1.041083898960767806e+00 1.648734319686889549e+01 1.001955574716300257e+00
-1.080949124045364140e+00 1.599717376708984418e+01 1.025427871476992214e+00
-1.032659072154584967e+00 1.683363031387328945e+01 1.001332687269511856e+00
-1.092456909781479801e+00 1.552265723228454597e+01 9.367585347304817622e-01
-1.099540848237128721e+00 1.564681877136230526e+01 9.801816591717041893e-01
-1.060380402743783090e+00 1.644380958557128736e+01 1.065883581284170711e+00
-1.028564122016702109e+00 1.711712098121643066e+01 9.402798158246162830e-01
-1.043917474343027063e+00 1.655356995582580737e+01 1.039351991956513510e+00
-1.067084844496450913e+00 1.599014277458190847e+01 1.133010350186883120e+00
-1.094423064128353884e+00 1.547701173782348683e+01 9.440876602095190639e-01
-1.052710955089248834e+00 1.646369912147521930e+01 1.022867795595501006e+00
-1.114402661976735320e+00 1.541782207489013601e+01 9.922019439271585473e-01
-1.113647282825086959e+00 1.522964642524719281e+01 9.999873282013640452e-01
-1.070923182578032318e+00 1.601525650978088322e+01 1.037576265945988174e+00
-1.000962061819869575e+00 1.749823377609252972e+01 1.112534777469859293e+00
-1.050415903599791090e+00 1.629905936241149789e+01 1.100329441346318049e+00
-1.133117270815179767e+00 1.515148842811584551e+01 9.689997459594142937e-01
-8.807989486387653999e-01 1.854520003318786792e+01 1.056956383803194788e+00
-1.125794791574799447e+00 1.519995073318481360e+01 1.059168706722944275e+00
-1.081451505395024881e+00 1.585201203346252363e+01 1.073662880260507047e+00
-1.118024144799470321e+00 1.534180069923400858e+01 1.099937880223653908e+00
-1.115541152085679055e+00 1.534579930305480922e+01 9.612852880392199761e-01
-1.065187360981544984e+00 1.631621415138244657e+01 9.979017469271321827e-01
-1.044604182662707492e+00 1.653887564659118681e+01 1.021543146457319917e+00
-1.007959258171980066e+00 1.722743376731872544e+01 9.654325905323709600e-01
-1.047159460462780967e+00 1.646668622016906625e+01 9.672149809795339559e-01
-8.997123414644855321e-01 1.857068042755127024e+01 9.616327199410402704e-01
-1.116242317422615704e+00 1.511646392822265561e+01 1.063663922022873853e+00
-1.096595230971131762e+00 1.544998353958129833e+01 9.096047391949602101e-01
-1.023251168174965198e+00 1.683661850929260240e+01 1.107072241869785589e+00
-1.074291667598779698e+00 1.597871933937072697e+01 1.106451715987581075e+00
-1.073156791744150240e+00 1.607890461921691738e+01 9.657548912769393645e-01
-1.085481398955253862e+00 1.575672488212585520e+01 9.651051399657516461e-01
-9.204870752619704888e-01 1.823644789695739732e+01 1.201676453966772806e+00
-9.346874804620955990e-01 1.811457266807556010e+01 1.150771541527146447e+00
-1.087255997823480369e+00 1.576007295608520486e+01 1.060144133619477458e+00
-1.107470522202278929e+00 1.552938966751098704e+01 9.183767398941108384e-01
-1.056516764882003079e+00 1.627956615447997990e+01 1.055714920683300972e+00
-1.129889741712682305e+00 1.524607442855834982e+01 9.059007981955420341e-01
-1.090956994241125688e+00 1.580479363441467200e+01 9.119493153092103066e-01
-1.056520379136317134e+00 1.623881270408630328e+01 9.707953223726889513e-01
-1.086023537102369874e+00 1.562756786346435511e+01 9.990773514870162630e-01
-1.096616916497016536e+00 1.554200331687927239e+01 1.026105260487393034e+00
-1.089113724540931250e+00 1.563949164390563951e+01 1.100039297669332283e+00
-1.048822017447269994e+00 1.636961724281310993e+01 1.053919843530676026e+00
-1.036696194223442280e+00 1.661622715950012363e+01 9.857645573101089242e-01
-1.088524601087731636e+00 1.575030268669128475e+01 1.066669288123446746e+00
-1.117182023544283531e+00 1.521417339324951179e+01 1.043623986347220756e+00
-1.036764865055410212e+00 1.667898051261902026e+01 1.035475677688014517e+00
-9.499902332280233397e-01 1.827696076393127456e+01 1.092945721767129452e+00
-9.560260379325814517e-01 1.788530909538269142e+01 1.171105842232686101e+00
-9.182137092983974069e-01 1.832162474632263027e+01 1.198939124002888379e+00
-1.063597089083338165e+00 1.610002587318420453e+01 1.040193757839194211e+00
-1.050119534746034367e+00 1.645126191139221206e+01 9.772538436558320107e-01
-1.082994791987148542e+00 1.577193031311035121e+01 9.115830014149425287e-01
-1.112487107190258895e+00 1.553695716857910192e+01 1.079881142320599174e+00
-9.427544960911817817e-01 1.821458014488220201e+01 1.070941176870940259e+00
-1.091860557819652078e+00 1.566091020584106452e+01 8.815010658979728353e-01
-1.055963783971944681e+00 1.635007837295532340e+01 1.002943030705767624e+00
-1.103090045973581734e+00 1.540515879631042395e+01 9.816884792931135362e-01
-1.072495383204668640e+00 1.606241638183593778e+01 1.046520006868298047e+00
-1.078263733089982912e+00 1.588173895835876515e+01 1.034560905813043163e+00
-1.084256166742771699e+00 1.573499572753906328e+01 1.023658478600898869e+00
-1.084050154246867459e+00 1.587369494438171458e+01 1.108158733789198047e+00
-1.090552197757945541e+00 1.572331928253173849e+01 9.437408376407219190e-01
