6.479619553963856804e-01 2.313795783996582145e+01 1.610189397254715216e+00
9.285726603436271764e-01 2.334021373748779382e+01 1.471675309125604736e+00
6.180034013867555798e-01 2.307665834426880025e+01 1.446849966296849033e+00
7.996020440863883805e-02 2.202835865020751882e+01 1.265216597680208555e+00
1.278931245044498954e+00 2.382313358306884865e+01 1.632874447496791115e+00
1.036956918715058018e+00 2.343931049346923956e+01 1.470367819045289792e+00
1.961418115685889196e+00 2.444425697326660085e+01 1.297858635370826130e+00
2.576084671429525880e-02 2.192793596267700096e+01 1.283450515130427627e+00
1.715909048637251022e+00 2.406126388549804673e+01 1.722936089451530872e+00
4.545198359967687063e-01 2.307121295928955007e+01 1.454899633553296878e+00
1.721779032330701953e-01 2.244563005447387738e+01 1.379039514609260664e+00
-1.159685219590835814e-01 2.166993600845336942e+01 1.342361704462793792e+00
1.157124080837818036e-01 2.239177383422851619e+01 1.512155083613138995e+00
4.968499825235859757e-01 2.289247802734374915e+01 1.356552608773851754e+00
-1.452728959378604134e-01 2.162844308853149400e+01 1.161105232226221196e+00
1.114742900063261377e+00 2.386035049438476463e+01 1.461959508329224278e+00
5.154272496980945029e-01 2.309807062149047852e+01 1.476215338493069407e+00
-1.994361110890628952e-01 2.132668134689330941e+01 1.150701821338278918e+00
2.251989705522808194e+00 2.444060653686523565e+01 1.585999630369596902e+00
2.172573695478942302e+00 2.456940177917480383e+01 1.350736252085759093e+00
1.334963029676094370e+00 2.393169452667236285e+01 1.432718955689978868e+00
1.089439505610200865e+00 2.350873607635498175e+01 1.456181299785505256e+00
2.071472159550436842e+00 2.435584884643554560e+01 1.511080480248591984e+00
1.028098381391182148e+00 2.378529348373412944e+01 1.495617726314756979e+00
1.681530261601468679e+00 2.401155157089233327e+01 1.570031782071145798e+00
9.197827938517199042e-01 2.343391160964965891e+01 1.405007688544631428e+00
9.631104745692304903e-01 2.335483634948730369e+01 1.450470662621573315e+00
1.430599813081671057e+00 2.378446304321289162e+01 1.626446365554137685e+00
-4.112024998612003879e-01 2.117760616302490106e+01 1.301436830481040641e+00
1.600339652689376502e+00 2.399408603668213047e+01 1.540438410183099238e+00
1.932572752005003114e+00 2.446624435424804744e+01 1.590347843641947367e+00
1.593870572154468812e-01 2.251997108459472585e+01 1.372160291410532862e+00
8.491385790281907875e-01 2.357728460311889762e+01 1.518817200134411127e+00
1.896415751846680431e+00 2.417013130187988423e+01 1.646047530677196225e+00
2.430895294071087509e+00 2.481124496459960938e+01 1.498537835728011025e+00
1.636496652847699629e+00 2.403011146545410170e+01 1.638786204282111303e+00
9.365529338691747085e-01 2.318979234695434499e+01 1.519632600039365400e+00
9.394840941179152249e-01 2.371016578674316477e+01 1.402338646822553159e+00
1.708629940448640472e+00 2.403097869873046832e+01 1.509018482275961359e+00
9.574758520935383599e-01 2.333795726776122947e+01 1.492649510870701191e+00
2.131212169108305687e+00 2.438032184600830021e+01 1.546086706434582458e+00
1.607557318554647452e+00 2.418805187225341768e+01 1.538816031185130662e+00
2.257646013524384543e+00 2.471303504943847784e+01 1.496986454023151225e+00
6.866670048461541720e-01 2.351237487792968750e+01 1.514490911894337044e+00
1.481137931155824816e+00 2.390491565704345689e+01 1.374439960769052727e+00
1.134502028398482798e+00 2.342765180587768725e+01 1.483082275667283456e+00
1.596718169866641723e+00 2.413930400848388658e+01 1.443259974159868175e+00
4.013866833250865351e-01 2.298732585906982351e+01 1.443313080814076388e+00
2.383971430311040862e+00 2.475933204650878849e+01 1.465693606494646639e+00
9.394840941179152249e-01 2.329363815307617358e+01 1.405339246798747554e+00
1.361947052385215073e+00 2.361052959442138643e+01 1.520059155179385613e+00
1.222534420727178661e+00 2.375090408325195312e+01 1.483413781910910334e+00
1.858888949303310723e+00 2.423857158660888800e+01 1.695367643024592086e+00
1.077299225369116042e+00 2.344247253417968579e+01 1.453486991726986810e+00
1.690804872858810148e-01 2.217716608047485494e+01 1.496384077298498871e+00
3.355024414332362093e-01 2.272557209014892621e+01 1.509643199144160119e+00
1.256516074475752254e-01 2.219923606872558608e+01 1.455602324165539363e+00
4.621784408883610751e-01 2.295221904754638587e+01 1.342410355074593387e+00
7.190832517893764875e-01 2.334982263565063576e+01 1.420846577537869582e+00
1.482536647575383837e+00 2.370786941528320213e+01 1.622612234178585355e+00
1.366768467640232965e+00 2.378876882553100458e+01 1.679096619180225236e+00
1.511494053140006510e+00 2.379918224334716825e+01 1.449474852729226271e+00
1.526348638370985000e+00 2.394203845977783374e+01 1.534044540080647057e+00
9.308717607747411804e-02 2.189904556274414205e+01 1.195546522447022530e+00
9.687306400276662899e-01 2.349018230438232280e+01 1.522256846426766064e+00
6.901113892074978162e-01 2.330569656372070142e+01 1.443664064078177711e+00
1.072810321510995868e+00 2.384446903228759851e+01 1.400052500961498358e+00
1.155988770295846901e+00 2.375509208679199347e+01 1.564644989488068072e+00
2.454044592952941528e+00 2.431034366607666186e+01 1.609181643574421949e+00
5.305059186965471740e-01 2.315070491790771356e+01 1.411390143926487983e+00
1.036707535167384675e+00 2.367963684082031151e+01 1.423147619410514597e+00
-2.180025355006288412e-01 2.132347095489501854e+01 1.294045601228044795e+00
1.248058719380742282e-01 2.210898572921752958e+01 1.416974999211070951e+00
1.513984274362426108e+00 2.437681789398193288e+01 1.495844064290404063e+00
4.617266590990976027e-01 2.322013818740844826e+01 1.442198970462752472e+00
2.121377783119621441e+00 2.473206256866454922e+01 1.257518171714186339e+00
8.269434432852619254e-01 2.336517745971679716e+01 1.377895535153467188e+00
4.962215369602744619e-02 2.198172842025756779e+01 1.541946746324786233e+00
1.542840480806253689e+00 2.400426166534423800e+01 1.519930036102893789e+00
2.385308704407260283e+00 2.493819572448730426e+01 1.740919455960228346e+00
1.803124619490958702e+00 2.428976451873779396e+01 1.584434308204023978e+00
1.770592716409684853e+00 2.434495634078979620e+01 1.710909702236350638e+00
2.265987712481342786e+00 2.462130584716796733e+01 1.629366849086387736e+00
1.785179846821419503e+00 2.419718723297119212e+01 1.580810466735716568e+00
6.041431707794990558e-02 2.188866075515747056e+01 1.248388060059279825e+00
2.302086884570640368e+00 2.450749156951904340e+01 1.617258482501960248e+00
1.759836695570903498e+00 2.416133548736572223e+01 1.443636557876554205e+00
1.564547692216778030e+00 2.409627872467040888e+01 1.565480899679649429e+00
1.038908616044675437e+00 2.362162666320800852e+01 1.576163285747364640e+00
2.002898912448890290e+00 2.459226699829101648e+01 1.544330895472331600e+00
8.114744348208852154e-01 2.304339962005615305e+01 1.260437502369846419e+00
1.753735834288691287e+00 2.409540977478027202e+01 1.180726447884266506e+00
2.548033276391284740e+00 2.478404628753662209e+01 1.518182398583485027e+00
1.096689699764298531e+00 2.370572412490844627e+01 1.542113247354980121e+00
3.565374015413373399e-01 2.300841674804687642e+01 1.386432666546159931e+00
2.205040541982562274e+00 2.485629814147949190e+01 1.692087605377319282e+00
1.363851764408748890e+00 2.394229595184326342e+01 1.414509543377647560e+00
1.349416432678207212e+00 2.393213405609130717e+01 1.371848366162917721e+00
1.306099594723638679e+00 2.365544403076171776e+01 1.448395330299167005e+00
1.602092566031718013e+00 2.413351337432861499e+01 1.580617587440130478e+00
2.197815647608662992e+00 2.459351634979248047e+01 1.596604470641338480e+00
1.952324651831596203e+00 2.425696502685546818e+01 1.413923720458693190e+00
1.537126344735650907e+00 2.400403350830078253e+01 1.443545770061275269e+00
6.886909872620535777e-01 2.316064762115478359e+01 1.480682105730770415e+00
5.226268442917949564e-01 2.313791030883789190e+01 1.394678660193234387e+00
5.298264388854951878e-01 2.292306871414184499e+01 1.620567918905322147e+00
2.295292086460119396e+00 2.466724895477294766e+01 1.292268887290630275e+00
2.183387544386749202e+00 2.463984230041504020e+01 1.634730887493323737e+00
1.867548702639909797e+00 2.423706672668457074e+01 1.469289642185040323e+00
1.109195019691107786e+00 2.356310100555419851e+01 1.432884116072271175e+00
8.636136675561880693e-01 2.349749334335326978e+01 1.529788110972731818e+00
1.054977590725193481e+00 2.341014408111572109e+01 1.247798332551635303e+00
1.824199336396514992e+00 2.399580495834350558e+01 1.511958828615004968e+00
8.708060336412600799e-01 2.355527778625488367e+01 1.361805682208501844e+00
9.214200510560098811e-01 2.328093645095825082e+01 1.407788632045485766e+00
8.455134819511418431e-01 2.337336174011230483e+01 1.602286346383784421e+00
1.954200449820617358e+00 2.435125625610351463e+01 1.446026801688996333e+00
1.488362825529723876e+00 2.376752803802490277e+01 1.497110062854078993e+00
1.932551066479118562e+00 2.419213977813720717e+01 1.672134262255194237e+00
-2.234347597347310643e-01 2.147280763626098476e+01 1.435553640744346993e+00
9.467126027461285620e-01 2.351299064636230440e+01 1.252251290043769894e+00
1.582232238575702166e+00 2.393375328063964957e+01 1.500031738856518304e+00
5.963359467736861763e-01 2.300502952575683580e+01 1.316051774924053230e+00
1.932583594767945279e+00 2.442065191268920898e+01 1.719490415305176212e+00
1.318666356973787757e+00 2.407543123245239158e+01 1.581063926093321692e+00
8.491277362652485117e-01 2.350241008758544936e+01 1.321826830266057407e+00
2.629619104012746907e-03 2.196880571365356616e+01 1.457457818976004127e+00
5.670749438466786696e-01 2.313550289154052564e+01 1.550695769859336659e+00
-5.003336255013849376e-01 2.067912410736083828e+01 1.260121343671695149e+00
2.162829665848110761e+00 2.453446411132812344e+01 1.518816646843254237e+00
1.294400253508875664e+00 2.407381969451904169e+01 1.484545974866930518e+00
5.490145150390876028e-01 2.307440269470214744e+01 1.403553115334922552e+00
2.162789909050655712e+00 2.442154106140136705e+01 1.471369617009975039e+00
2.057878949075080843e+00 2.456580459594726662e+01 1.449895063898967162e+00
3.789240927629139444e-01 2.313331436157226406e+01 1.297793285632142357e+00
1.113470682544695611e+00 2.370461402893066349e+01 1.546932317855855610e+00
1.359521887740449575e+00 2.386112901687621957e+01 1.536043042264041203e+00
1.489804913001052222e+00 2.406179737091064297e+01 1.470802056587442674e+00
9.108591999501902681e-01 2.353225990295410242e+01 1.209321060968073569e+00
3.427345643157637123e-01 2.281253139495849780e+01 1.482890133100231767e+00
6.792686262651778106e-01 2.332555694580078054e+01 1.491516722343879664e+00
7.661010861615902279e-01 2.310446178436279396e+01 1.207610141882867971e+00
1.149652982483217789e+00 2.316380355834960980e+01 1.422613896339309347e+00
1.486150901889490505e+00 2.404700801849365277e+01 1.396580695959389384e+00
1.003156847056874551e-01 2.225842117309570156e+01 1.337753765396837435e+00
1.033877574039439251e+00 2.355187726974487461e+01 1.387018312441420598e+00
9.307633331453189773e-02 2.192522708892822436e+01 1.330512241563290399e+00
1.366782924657489406e+00 2.362584613800048672e+01 1.618575686741624775e+00
1.136920399221962585e-01 2.223927509307861428e+01 1.286518715391430367e+00
2.383512420013149669e+00 2.475764476776123146e+01 1.612347893377513497e+00
1.981867566595104435e+00 2.435296001434326030e+01 1.458322319357253649e+00
1.573015890074729972e+00 2.398213329315185405e+01 1.302424381198248104e+00
2.177283068850223824e+00 2.479030155181884609e+01 1.631401164070853005e+00
1.155974313278590460e+00 2.379139778137206918e+01 1.495443557156150627e+00
3.461175063537675345e-01 2.287576303482055806e+01 1.444462742908756203e+00
6.931509770856614239e-01 2.274179962158203239e+01 1.352439305170495043e+00
2.049009568988264363e+00 2.444828384399414034e+01 1.398677612645454982e+00
1.741678681896831504e+00 2.409296741485595561e+01 1.363406690980397240e+00
5.665834052599603154e-01 2.291007823944091726e+01 1.374164404988657662e+00
1.723611024580612439e+00 2.416313419342041158e+01 1.538967375246578007e+00
9.281389498259343673e-01 2.367706214904785256e+01 1.544222458748020665e+00
1.416236766437411365e+00 2.385435352325439595e+01 1.494204774792776247e+00
1.741675067642517227e+00 2.405742534637451158e+01 1.498309784108167619e+00
1.600679392594902550e+00 2.404585159301757713e+01 1.631053293888159006e+00
1.231859196857574057e+00 2.381095779418945213e+01 1.629376377632772099e+00
2.088791666223636323e+00 2.467594379425048956e+01 1.455115627336424966e+00
1.524711381166694135e+00 2.381878425598144489e+01 1.506488977743756230e+00
1.427180728500526019e+00 2.395786491394042983e+01 1.362157607561731432e+00
1.492273448697587046e+00 2.411229114532470774e+01 1.300102076760038861e+00
9.245102384945712570e-01 2.336994903564453097e+01 1.436550645491026179e+00
1.688817032986050515e-01 2.249621984481811410e+01 1.412210303144920687e+00
2.302047127773185320e+00 2.441423774719238438e+01 1.602438675360356335e+00
1.904439396423997621e+00 2.407358158111572166e+01 1.783635646886454262e+00
1.174038356340495248e+00 2.367374862670898494e+01 1.385503206222184591e+00
-3.771200816791746568e-01 2.127986753463745018e+01 1.385627914465488608e+00
2.215359238049336543e+00 2.469771636962890682e+01 1.562760637891515758e+00
1.170420487772074969e+00 2.364702911376953054e+01 1.483349182699479130e+00
4.978981162746771161e-01 2.318005851745605383e+01 1.446419350500229184e+00
1.000420421853753572e+00 2.346555175781249858e+01 1.361368589652329764e+00
1.253602550811239391e+00 2.369556781768798714e+01 1.424394868478441323e+00
1.579044466270659974e+00 2.382359329223632827e+01 1.270986809417739449e+00
-2.794267875688714597e-01 2.144428918838501019e+01 1.222739796405663881e+00
5.304589333904637938e-01 2.322967533111572180e+01 1.453683133198300226e+00
-5.578580971647065789e-01 2.039934488296508874e+01 1.328934588559821606e+00
6.273426345344073063e-01 2.306185966491699091e+01 1.482196085272366570e+00
1.136428425947901388e+00 2.353592052459716655e+01 1.662655065316668734e+00
6.634562636409611081e-01 2.309980024337768612e+01 1.600238687760885181e+00
7.644963572461268564e-01 2.332865497589111214e+01 1.408519964915350808e+00
9.522857828984812034e-01 2.339599163055419950e+01 1.466293516754636039e+00
1.623799777442242798e+00 2.409529344558715991e+01 1.471843208413416537e+00
1.356652169815048437e+00 2.367462284088134794e+01 1.518350596668991193e+00
1.688094182123230369e-01 2.238284629821777472e+01 1.478844733348634088e+00
1.580457639707475659e+00 2.403876552581787251e+01 1.450882878066697357e+00
1.356663012577990823e+00 2.397819213867187571e+01 1.494632264557638646e+00
1.677937692813246562e+00 2.400525516510009894e+01 1.499179663297787179e+00
1.796594096632710691e-01 2.229114812850952276e+01 1.300790005508865477e+00
2.951890488136906798e-01 2.259170692443847628e+01 1.280253638040400821e+00
1.912625682445449060e+00 2.415204692840576328e+01 1.355140423314109333e+00
1.750179408043610385e+00 2.397807767868042106e+01 1.648885576099613948e+00
1.010066866618104298e+00 2.340121505737304730e+01 1.493250735108562433e+00
9.378468369136248040e-01 2.336172742843627859e+01 1.475585319376605531e+00
7.609110169665330714e-01 2.344455883026122933e+01 1.661123039095217857e+00
1.432457539799121937e+00 2.391021652221679616e+01 1.398124422812617285e+00
2.771430770233559993e-01 2.279262447357177734e+01 1.364983486524301348e+00
1.854833755962883579e+00 2.412912284851074318e+01 1.641395068437105031e+00
1.724128297634872631e-01 2.233617805480956875e+01 1.447997320522360631e+00
1.742925599635198441e+00 2.409639225006103658e+01 1.460763967608824876e+00
1.865680133159516974e+00 2.428782081604003906e+01 1.495104296411630340e+00
6.394467722323502468e-01 2.336133747100830149e+01 1.528541976608449149e+00
7.552366376933854486e-01 2.333648939132690359e+01 1.417786517869684015e+00
7.588545062618062831e-01 2.335980831146240178e+01 1.364163485101896667e+00
2.199001123023690329e+00 2.430745857238769503e+01 1.713520035927095897e+00
1.800977752428379874e+00 2.426969001770019574e+01 1.484562137996449760e+00
8.312516344276769109e-01 2.333960220336913949e+01 1.408668963289468001e+00
-7.174527249127146122e-01 2.031401636123657184e+01 1.173798238720018761e+00
1.873335123796795232e+00 2.444709304809570227e+01 1.443763871436237078e+00
4.332174210694241800e-01 2.309623130798339830e+01 1.546416073403718450e+00
1.459690946055915539e+00 2.411573085784912251e+01 1.425669575204436601e+00
1.300605928166196801e+00 2.347797328948974638e+01 1.627993390503051030e+00
4.291694562376244804e-01 2.289111801147461023e+01 1.489004102492727633e+00
1.456091148759065312e+00 2.401328392028808523e+01 1.422069712353911664e+00
-1.492485756833777100e-01 2.147004859924316378e+01 1.419618409077772814e+00
2.918314065558855197e-01 2.277097784042358342e+01 1.366026598024954408e+00
7.076947364456263045e-01 2.331653465270996151e+01 1.230586830379337915e+00
1.325880408584744652e+00 2.372891925811767422e+01 1.322434215148592829e+00
2.663693028697013077e+00 2.531705177307128807e+01 1.451553951015453370e+00
9.137108466040205768e-01 2.345670509338378906e+01 1.316286778272383495e+00
-1.999240354214672777e-01 2.130116071701049663e+01 1.230381364342659989e+00
1.434409237128739356e+00 2.386602102279663029e+01 1.478436026421620086e+00
-2.649480847865601785e-01 2.127576536178588995e+01 1.255683711472069364e+00
1.579019166490461146e+00 2.377506145477294908e+01 1.331219587124242265e+00
1.353041529755256045e+00 2.389551700592041072e+01 1.391090532640036903e+00
8.186668009059575590e-01 2.329630149841308651e+01 1.219999813608513506e+00
1.468556711888419297e+00 2.411343677520751783e+01 1.329170952449657550e+00
1.894521882586088557e+00 2.459317424774170036e+01 1.589542404944340959e+00
2.436085363266144999e+00 2.480059631347656079e+01 1.543290622375714349e+00
4.035010220988391461e-01 2.310129234313964730e+01 1.583705981849532485e+00
3.096171520356044704e-01 2.277092861175536953e+01 1.352715654314256888e+00
-8.028860337022240834e-02 2.188370426177978345e+01 1.262921846725706398e+00
3.524987903020200708e+00 2.588193904876709084e+01 1.693754668537630348e+00
2.519144541658630665e+00 2.467490325927734318e+01 1.619476047114029704e+00
1.864700670240394320e+00 2.413025863647460767e+01 1.534612117475214754e+00
2.880725386004803212e+00 2.516550098419189396e+01 1.605563153971076629e+00
3.278445159237729278e+00 2.531965068817138587e+01 1.702486001280449912e+00
2.350803418470484019e+00 2.471035804748535014e+01 1.610595325748079398e+00
2.338341469595444089e+00 2.478242271423339815e+01 1.564004014094293238e+00
-9.381716216208945136e-01 1.812436341285705410e+01 1.038647575917061472e+00
-7.039643278124685377e-01 2.016675674438476662e+01 1.165577414151151459e+00
-7.984409355832167154e-01 1.934166037559509377e+01 1.171173986491898189e+00
-1.010814519080124319e+00 1.740812363624572612e+01 1.087788784253431285e+00
-7.617562542950340188e-01 1.964474273681640781e+01 1.289365014806430176e+00
-2.446648895757935760e-01 2.154474111557006921e+01 1.362783510055532776e+00
2.040447835205487503e-01 2.243331729888916115e+01 1.338950536385997259e+00
-6.445459868885549115e-01 2.028918737411499151e+01 1.228274502053334771e+00
-8.490404959807100749e-01 1.883584033966064553e+01 1.168403074529996477e+00
-2.284730302485957765e-01 2.156045015335082837e+01 1.229692222669871438e+00
-8.851107540354945513e-01 1.871102404594421387e+01 1.116935980446480903e+00
-8.701838837182339637e-01 1.875302207946777244e+01 1.152713873933717714e+00
-5.716103348298824383e-01 2.077893466949462820e+01 1.275202236406304257e+00
-5.625024139583336691e-01 2.082175821304321417e+01 1.194243668087981547e+00
-5.536113483456313045e-01 2.052670736312866140e+01 1.147201173566191335e+00
-5.548763373555686274e-01 2.074121095657348590e+01 1.122022085994240248e+00
-7.350107723706448271e-01 1.992590108871459975e+01 1.214771795277415967e+00
-1.708618164817355123e-01 2.148207214355468864e+01 1.287187898232357686e+00
-3.332502628145479484e-01 2.129257686614990064e+01 1.318817004963709127e+00
-6.547016068238512010e-02 2.179282476425170856e+01 1.129642668480056900e+00
-8.812796444625414782e-01 1.862328750610351591e+01 1.319835494363536643e+00
-5.408891731599758668e-01 2.065099163055419851e+01 1.129121873344281379e+00
-6.690867736813391753e-01 2.033980752944946246e+01 1.263471112813589592e+00
-6.423774343000909770e-01 2.047928737640380703e+01 1.223682227626450292e+00
-8.763642585953563824e-01 1.863103267669677621e+01 1.080190230135089191e+00
-3.252989033235132443e-01 2.094349523544311609e+01 1.342720817699494695e+00
-2.430746176775866740e-01 2.152595783233642734e+01 1.431395352489707173e+00
-2.825784173307726022e-01 2.132625654220581168e+01 1.245110634607078826e+00
-7.151685161861992546e-01 2.002896274566650447e+01 1.171707107557971250e+00
-3.624895802156709035e-01 2.138536949157714773e+01 1.332840537320675089e+00
-7.993444991617433271e-01 1.956298278808593594e+01 1.107036346249982373e+00
-7.377937481925068708e-01 2.000580495834350714e+01 1.219848260111448202e+00
-5.177579455496932326e-01 2.079020215988159137e+01 1.335174575697663180e+00
-4.579781791943688951e-01 2.095708986282348718e+01 1.096201346806376709e+00
-3.420690433409682152e-01 2.107643095016479506e+01 1.335654064818825981e+00
-2.143051533372977435e-01 2.144346208572387624e+01 1.230715691176728077e+00
-7.967060935124454790e-01 1.945726295471191492e+01 1.189004990024130182e+00
1.467588526419582040e-01 2.205516479492187543e+01 1.336724963287409196e+00
-4.272208749813212192e-01 2.093702251434326200e+01 1.173416388061767401e+00
-5.204324937421320740e-01 2.066424390792846566e+01 1.298743617190357469e+00
-4.489425434091022238e-01 2.109559720993042120e+01 1.273609718253458034e+00
-6.045723341745352641e-01 2.040346393585205220e+01 1.186715858348766695e+00
-5.855252139391931010e-01 2.048092819213867344e+01 1.262628341845021929e+00
-4.130168555268819430e-01 2.117918085098266445e+01 1.121219826420781773e+00
-2.964210113538010005e-01 2.116204381942749180e+01 1.144162566893073940e+00
-3.156849868479895682e-01 2.129700778961181484e+01 1.312183940690083039e+00
-3.510323940399526776e-01 2.128485385894775561e+01 1.298110889395632128e+00
-9.767316662107540515e-02 2.159238224029541087e+01 1.300932620531471517e+00
-4.166672523841298270e-01 2.119303169250488139e+01 1.217711556916956761e+00
-2.629891589483144276e-01 2.124586265563964815e+01 1.389458594691502347e+00
-2.663142729172924827e-01 2.108154800415039176e+01 1.353653600089900211e+00
-7.448776866481560122e-01 1.971836364746093651e+01 1.177022117871657558e+00
-3.762237466092762106e-01 2.123317214965820199e+01 1.192091581917081866e+00
-6.317515266166173760e-01 2.039246191024780330e+01 1.254912428806327362e+00
-1.315025870011138909e-01 2.177663303375244297e+01 1.165634700152880177e+00
-6.513046424559343350e-01 2.043442604064941293e+01 1.329120382297396263e+00
1.650112716155395162e-02 2.206893396377563477e+01 1.423225467987673687e+00
-2.803014371128852988e-01 2.114589736938476605e+01 1.098887920335920754e+00
-7.378298907356479752e-01 1.979100984573364386e+01 1.266397758176248001e+00
1.653726970469505606e-02 2.198684627532959013e+01 1.448036795217990447e+00
-3.927770313678846659e-01 2.110924247741699133e+01 1.305778321077732285e+00
-6.470398223652885639e-01 2.032884033203124829e+01 1.266517782490619970e+00
-6.916758631445059091e-01 2.004957422256469712e+01 1.299298809914441577e+00
-4.083544674616845227e-01 2.075468954086303697e+01 1.322687274588675299e+00
-4.330398244270329267e-01 2.097719455718994297e+01 1.034018091118367177e+00
-1.600551960825566111e-01 2.138356578826904197e+01 1.456336244954644865e+00
-1.010272380933008307e+00 1.713814082145690776e+01 1.025598547147590356e+00
-5.184085113262323352e-01 2.080917430877685703e+01 1.136996978510838030e+00
-2.280754622740440440e-01 2.116976917266845604e+01 1.372112240746969025e+00
-9.659616230420606797e-01 1.789730205535888530e+01 1.224134226712787932e+00
-4.019210947825745395e-01 2.116834095001220817e+01 1.215005237618084433e+00
1.648301242124915467e-01 2.256377708435058693e+01 1.610021010686210730e+00
-5.419373069110667851e-01 2.055832498550415011e+01 1.188150527826256742e+00
-6.547381840543357034e-01 2.025119638442993164e+01 1.342948647513380722e+00
-5.273718620252167977e-01 2.045016338348388629e+01 1.246252974687573678e+00
1.650112716155395162e-02 2.204423067092895394e+01 1.321102135386728937e+00
-2.540619507924709031e-01 2.138986795425415011e+01 1.295736192791524077e+00
-8.599912518651103843e-02 2.175434612274169766e+01 1.420642898140996646e+00
-7.875981726408967099e-01 1.954102253913879395e+01 1.041114889636188812e+00
-3.633208587079153618e-01 2.105720466613769659e+01 1.266977879032838761e+00
-7.422031384557170597e-01 1.972746143341064595e+01 1.144833913179665430e+00
-5.322872478924020045e-01 2.074536243438720717e+01 1.111461973765989875e+00
-5.096258733429531729e-01 2.092523099899291950e+01 1.176346041806803910e+00
-9.463719299722597733e-02 2.182896322250366339e+01 1.270973178968254125e+00
-4.583396046257796064e-01 2.105569358825683679e+01 1.130239254035959373e+00
-6.175113646190371064e-01 2.048695877075195426e+01 1.207203717595449755e+00
-2.721693649061452946e-01 2.124905437469482550e+01 1.306866469034922540e+00
-6.708939008383925096e-01 2.032107147216796861e+01 1.387245182654201381e+00
-4.220163487690076209e-01 2.123825887680053626e+01 1.282970087026365835e+00
-3.944034458092326445e-01 2.105896598815917997e+01 1.421620123643155376e+00
-6.319318046449805271e-02 2.173740503311157113e+01 1.350467192053340870e+00
-2.777714590930106531e-01 2.121589412689208842e+01 1.397958861249836149e+00
-4.546530652253908400e-01 2.093819883346557731e+01 1.095297872137744211e+00
-3.659231218140722719e-01 2.119742902755737290e+01 1.161256963585980184e+00
-6.820980892121231154e-01 2.016407634735107379e+01 1.136277447343318148e+00
-4.093664586696342811e-01 2.116613782882690487e+01 1.156995771790606087e+00
-1.851381210224566642e-01 2.138936275482177862e+01 1.184382012094310932e+00
-2.790364481029479204e-01 2.101894813537597528e+01 1.310707601723812177e+00
-3.727179199245926888e-01 2.125274276733398438e+01 1.168968077263162764e+00
-1.783071803687952817e-01 2.144473449707031421e+01 1.297868879812487553e+00
-5.321788202629788023e-01 2.063214887619018612e+01 1.305122917098952451e+00
-4.671218079217142466e-02 2.193617130279541172e+01 1.361688257466256324e+00
-5.040237791560877589e-01 2.076557031631469741e+01 1.057955547785464967e+00
-5.943801370087544722e-01 2.066897069931030373e+01 1.312766157104655607e+00
-3.760430338935709105e-01 2.099765541076660114e+01 1.330717039998191575e+00
-2.593387620910666547e-01 2.136622846603393455e+01 1.119765704336931789e+00
-5.153363951592416781e-01 2.076646825790405160e+01 1.251934786144851097e+00
-5.424071599719005876e-01 2.046786708831787038e+01 1.217761795060617214e+00
2.048037769265110830e-01 2.274785682678222543e+01 1.510809420366396205e+00
-5.246250287464958584e-01 2.065495338439941264e+01 1.238730148847685841e+00
-2.823615620719260866e-01 2.145257602691650334e+01 1.242251533238053485e+00
-4.145709848819478793e-01 2.094695009231567440e+01 1.433878866311997013e+00
-2.686635382214619394e-01 2.128691150665283160e+01 1.245446781975376060e+00
-6.862906242164868997e-01 2.023712476730346665e+01 1.272545334770596170e+00
-5.303716931059254680e-01 2.050013250350952276e+01 1.276678530125565425e+00
-1.543085317231270848e-01 2.167130462646484546e+01 1.224818977380873752e+00
-5.420457345404899874e-01 2.066880916595458828e+01 1.301033410857298733e+00
-4.599660190671275295e-01 2.108786474227905217e+01 1.162098489011282876e+00
1.451685807437510800e-01 2.228643770217895437e+01 1.414032133813900804e+00
1.971415577806051311e-01 2.233222316741943203e+01 1.570236091405644796e+00
-2.654464171945653331e-02 2.188251415252685561e+01 1.209819308125907433e+00
-5.081078865310283410e-01 2.080132855415344295e+01 1.290512024183638529e+00
-2.992039871756632108e-01 2.128579643249511832e+01 1.326205689558066281e+00
-4.401237628826820680e-01 2.089475936889648366e+01 1.235038979923731350e+00
-5.606230017149981260e-01 2.070190485000610181e+01 1.166709864500822036e+00
-4.549060630273782380e-01 2.076453454971313306e+01 1.198494230105858538e+00
-7.266257023619173694e-01 2.012161809921264677e+01 1.016494710591582917e+00
-4.359673704214593326e-01 2.099268835067748995e+01 1.061389334390402839e+00
-7.098917048876034475e-01 2.015415493011474624e+01 1.072698719594462391e+00
-1.746206409684064043e-01 2.156245244979858455e+01 1.496616607543754363e+00
-6.474012477966991641e-01 2.044915351867675923e+01 1.208686917980506648e+00
3.815051050305285490e-02 2.203301919937133846e+01 1.502396844628589134e+00
-4.626405672595665375e-01 2.100885078430175668e+01 1.245507961051042445e+00
-4.694353653700870099e-01 2.105161510467529240e+01 1.053390335533051170e+00
-2.677238320997941123e-01 2.125452047348022333e+01 1.042531191327495943e+00
-6.332333708854011034e-01 2.037470991134643583e+01 1.167135599140115110e+00
-6.066324591335761074e-01 2.033084224700927578e+01 1.343694029512453980e+00
-8.239937135839507931e-01 1.920024986267089773e+01 1.012472579897028657e+00
-6.258241495414823552e-01 2.036913293838501104e+01 1.209103696244806736e+00
-5.231427497903694268e-02 2.169329633712768413e+01 1.291332498677662644e+00
-2.719163671041578967e-01 2.126525001525878977e+01 1.142278309900833122e+00
1.508429600168987861e-01 2.260100601196289105e+01 1.124981721423386594e+00
-7.448776866481560122e-01 1.988956068038940472e+01 1.316703784991955395e+00
-4.772421546885575183e-01 2.095881111145019560e+01 1.162502893491563327e+00
-5.105294369214798955e-01 2.066849542617798008e+01 1.166583591964080568e+00
-3.219737893545351892e-01 2.117109922409057532e+01 1.327028486529585605e+00
-2.795063011637818895e-01 2.123912681579589901e+01 1.370441057863637235e+00
-1.277799050575841311e-01 2.151838500976562329e+01 1.247437921342429812e+00
-4.127638577248945451e-01 2.118733182907104506e+01 1.159269562588306934e+00
-4.764470187394540535e-01 2.097464015960693473e+01 1.297904179815891679e+00
-7.582142850672095591e-01 1.958704858779907099e+01 1.320020185584977135e+00
-7.586841381280434726e-01 1.990951519012451243e+01 1.042202408286835302e+00
-4.517978043172465319e-01 2.063273490905761776e+01 1.268119330805726142e+00
-3.730793453560032891e-01 2.106763376235961971e+01 1.394452925246039143e+00
-5.104571518351976867e-01 2.087624765396118320e+01 1.346183530538291429e+00
-5.958258387343970952e-01 2.037071920394897617e+01 1.268693993921205188e+00
-8.866287408474192722e-01 1.865148961067199807e+01 1.148255784669405477e+00
-6.692313438539033710e-01 2.030291233062744283e+01 1.210046179659125976e+00
-5.168905245143075033e-01 2.068912073135376062e+01 1.296525169231767194e+00
-5.285284234057310293e-01 2.046671777725219599e+01 1.385273578364597746e+00
-5.535029207162081022e-01 2.072115528106689553e+01 1.169944544765966654e+00
-3.252627607803722509e-01 2.119487466812133647e+01 1.450406777190704988e+00
-9.117839508736017562e-01 1.856664589881896887e+01 1.154458733968406259e+00
-6.114394173713378899e-01 2.040827112197876048e+01 1.294135172518360521e+00
-8.446672482606408794e-01 1.909257102966308750e+01 9.286890469134981840e-01
-5.321065351766967044e-01 2.072624088287353672e+01 1.308215102572199307e+00
-6.988320866864370373e-01 2.010958015441894631e+01 1.084510327001660057e+00
-5.123727066216742232e-01 2.089173320770263587e+01 1.041738118608271035e+00
-2.444480343169471714e-01 2.138483190536499023e+01 1.207782766320175227e+00
-6.711468986403800185e-01 2.009439989089965906e+01 1.175595292321877317e+00
-5.533583505436437955e-01 2.054628025054931584e+01 1.197028380865373665e+00
-3.869580819221729029e-01 2.111386886596679702e+01 1.268147943839314395e+00
-2.828314151327600001e-01 2.131149723052978473e+01 1.209612147126743142e+00
-6.505095065068309257e-01 2.021370378494262710e+01 1.069574799701066725e+00
-2.717356543884525966e-01 2.122883180618286048e+01 1.398340247330335018e+00
-6.450519824925299295e-01 2.031708009719848462e+01 1.281614317779484979e+00
-6.792066857608378694e-01 2.037933105468750128e+01 1.162363214076187923e+00
-9.580102635510259201e-01 1.801171622276306294e+01 1.059298575566684164e+00
-1.038318994410476037e+00 1.673409419059753489e+01 1.030799360053166636e+00
-1.673921323401930672e-01 2.156234788894653320e+01 1.049250018325185385e+00
-4.288472894226691978e-01 2.095801799774169893e+01 1.184598854271767809e+00
-1.564770843115910470e-01 2.167422653198242344e+01 1.204297278674734795e+00
-4.522676573780803344e-01 2.096886054992675952e+01 1.055541676630073367e+00
-5.920670142477261200e-01 2.059452709197998033e+01 1.145135478975773280e+00
-4.086074652636719207e-01 2.123140197753906122e+01 1.142630255991425203e+00
-9.102659640616768133e-01 1.830958548545837417e+01 1.142434372619462124e+00
-3.107696009808045834e-01 2.147437911987304560e+01 1.368530620680577625e+00
-6.592921444901100880e-01 2.014220404624938965e+01 1.326906256128382422e+00
-6.098852880162720647e-01 2.041771026611328210e+01 1.134944011485566229e+00
1.674323873186483180e-01 2.242595470428466697e+01 1.488994861984962892e+00
-8.308969393238946344e-01 1.908276465415954704e+01 1.170530138814799059e+00
-7.415525726791777350e-01 1.985166864395141673e+01 1.286059484877172476e+00
-6.150536716854445585e-01 2.049068782806396527e+01 1.268567417525557905e+00
-2.538812380767655474e-01 2.126356155395507841e+01 1.070571076858035431e+00
-7.826827867737116140e-01 1.949130762100219627e+01 1.205057032116456206e+00
-7.018680603102865900e-01 2.028889144897460994e+01 1.178742733024120914e+00
-2.065706491051093607e-01 2.118623212814330969e+01 1.136946417525248387e+00
-4.031499412493708134e-01 2.105231981277465891e+01 1.295913185612368679e+00
-1.647537266908953579e-01 2.123607223510742159e+01 1.359676808070237275e+00
-2.833735532798759560e-01 2.126398908615112404e+01 1.342503042602607888e+00
-6.873749005107188115e-01 2.031170427322387795e+01 1.351825017437025434e+00
-5.321788202629788023e-01 2.088440927505493150e+01 1.185079209035768466e+00
-7.594431315340057775e-01 1.978383319854736300e+01 1.153297532102868228e+00
-1.237676480815828525e-02 2.174344879150390497e+01 1.307125112373589193e+00
-7.629489582186893548e-01 1.974456928253173871e+01 1.168199303257218657e+00
-7.871283195800627963e-01 1.945708259582519517e+01 1.098463002096411678e+00
2.441268638639916000e-01 2.240212293624878015e+01 1.491688489119058936e+00
-6.073914525395384123e-01 2.042373737335205064e+01 1.297730810726207107e+00
-4.956387091473603568e-01 2.087499784469604336e+01 1.310298090999171050e+00
-4.593515958337294758e-01 2.093158668518066534e+01 1.318710678783633128e+00
-4.767000165414414514e-01 2.096089609146117994e+01 1.178416425765498765e+00
-4.805672686575355734e-01 2.086930019378662138e+01 1.244597757380995429e+00
-5.332992391003518184e-01 2.054872667312622170e+01 1.260727213006750613e+00
-7.063497356597788768e-01 2.014528110504150504e+01 1.252548832719311056e+00
-7.271316979658921653e-01 2.024620758056640568e+01 1.272347605767645495e+00
-7.107591259229889546e-01 2.007403022766113310e+01 1.164774295471749932e+00
-3.996441145646872362e-01 2.106455224990844854e+01 1.312309918306878931e+00
-3.801994263547935349e-01 2.099592153549194506e+01 1.401163542129276740e+00
-1.996674233651657415e-01 2.132167472839355327e+01 1.258470853295336145e+00
-4.306182740365815387e-01 2.120316759109497085e+01 1.139123173209001916e+00
-2.049442346637613543e-01 2.127111904144287280e+01 1.184366121357370183e+00
-3.839582508414645101e-01 2.090468166351318402e+01 1.400548947046735604e+00
-2.962041560949545960e-01 2.111715778350830064e+01 1.464305212174521253e+00
-1.095279207713454744e-01 2.171520496368408359e+01 1.315536093334914503e+00
1.071827679024901642e-01 2.219564279556274400e+01 1.413952847081458852e+00
-4.993975336340313320e-01 2.049190561294555835e+01 1.239343025163624379e+00
-1.386949530861861235e-01 2.171131101608276381e+01 1.402392626850006430e+00
-4.657488259696982436e-01 2.088030075073242031e+01 1.228672581944206366e+00
-8.959173744346734525e-01 1.867808972358703556e+01 1.130385122028040534e+00
-5.791279838032243887e-01 2.041320318222046026e+01 1.263220765746641883e+00
-2.406892098302762795e-01 2.152229196548461942e+01 1.302689778642117657e+00
-3.768020272995332709e-01 2.138352350234985266e+01 1.205418332084740918e+00
-5.357207894908033730e-01 2.081388166427612418e+01 1.429419050611128394e+00
-3.510685365830938376e-01 2.131951173782348619e+01 1.495145280062582627e+00
-6.165355159542282859e-01 2.046188896179199190e+01 1.095089953429433827e+00
-4.104145924207252549e-01 2.113172626495361328e+01 1.206265955180833016e+00
-7.306736671937166250e-01 2.008587842941284052e+01 1.148411419089280017e+00
-1.172985675466747535e-01 2.174538942337036218e+01 1.269338295821626383e+00
-1.059859515435208205e-01 2.141907939910888814e+01 1.280025643451508488e+00
-5.755860145753998180e-01 2.044982860565185590e+01 1.235952930157289575e+00
-6.066320244462346245e-02 2.183395557403564524e+01 1.490715607435736612e+00
-4.524122275506446411e-01 2.073872356414794993e+01 1.527919356374736637e+00
-2.009324123751029534e-01 2.126040941238403192e+01 1.183573633921365387e+00
2.800164092030709706e-01 2.266875095367431570e+01 1.290718180708390728e+00
-6.763152823095525124e-01 2.031595294952392550e+01 1.190191832133334904e+00
-1.025885524882607647e-01 2.181962299346923828e+01 1.317058742079445288e+00
-1.152384425876341045e-01 2.169362184524536019e+01 1.307102070806937633e+00
-8.447756758900640817e-01 1.895038185119629048e+01 1.109037156677134872e+00
-4.273293026107445325e-01 2.103227838516235337e+01 1.335824445081989609e+00
-6.432809978786175886e-01 2.042705118179321389e+01 1.204039324383192611e+00
-7.450222568207202078e-01 1.975211391448974751e+01 1.066677384754387337e+00
-9.715637172289259826e-01 1.792716170310974277e+01 9.507113527190058644e-01
-5.407084604442704556e-01 2.078980756759643711e+01 1.287673657035358854e+00
-2.849999677212239901e-01 2.122140684127807475e+01 1.436891618369751100e+00
-3.588391833584232415e-01 2.099406152725219599e+01 1.242056765342706148e+00
-2.827229875033366868e-01 2.126103391647338725e+01 1.339674644313399554e+00
-1.456343213692710414e-01 2.154175933837890611e+01 1.195211954935270215e+00
-5.177218030065521281e-01 2.076164741516113210e+01 9.886572356495039182e-01
-7.947543961828279491e-01 1.967309108734130874e+01 1.171002768403193173e+00
-7.018680603102865900e-01 2.018468194961547724e+01 1.286895958815374552e+00
-2.901683513903965395e-01 2.126778421401977681e+01 1.300161870841074041e+00
2.730774756073285278e-02 2.206642122268676687e+01 1.306740755048741764e+00
-2.903129215629606796e-01 2.141560573577880788e+01 1.239023082572769496e+00
-3.297801439856620775e-02 2.170751426696777386e+01 1.312963423692373732e+00
-3.800548561822292282e-01 2.130822618484496900e+01 1.187683801464875177e+00
-2.300994446899438106e-01 2.124421346664428611e+01 1.191823845831104345e+00
-1.495377160285061291e-01 2.157019041061401410e+01 1.267977087739369901e+00
-8.455342346086833216e-02 2.163328861236572109e+01 1.241631330000307676e+00
-6.214509018214133818e-01 2.039455450057983299e+01 1.214088040447800942e+00
-2.177025523925579797e-01 2.159243967056274371e+01 1.459934787119358202e+00
-3.975117045193645171e-01 2.109438892364502038e+01 1.208948528252056898e+00
-5.817663894525221258e-01 2.056279167175292955e+01 1.170091920551882270e+00
-7.206983252867823486e-01 1.996500511169433523e+01 1.149500447242356449e+00
-4.667969597207892174e-01 2.077429471969604435e+01 1.179592920269525669e+00
-4.274377302401676237e-01 2.099970281600952049e+01 1.274665730473722558e+00
-7.847790542758935617e-01 1.958234281539916921e+01 1.101605096801612005e+00
-4.918437421175483881e-01 2.085907165527343921e+01 1.323563408256832830e+00
-5.780437075089922550e-01 2.064067781448364158e+01 1.223556986142932512e+00
-1.214188174647564539e-01 2.154748304367065259e+01 1.338233941325930099e+00
-8.305355138924839231e-01 1.913848976135253821e+01 1.205366622949515465e+00
-3.467675739493069620e-01 2.111326772689819364e+01 1.206382735688259489e+00
-7.817430806520438979e-01 1.968623186111450352e+01 1.131650486690937374e+00
-4.754345928441618824e-02 2.166188045501709070e+01 1.199291644367642684e+00
-6.439315636551566913e-01 2.029351516723632898e+01 1.306558974028749986e+00
-8.528354630105220435e-01 1.892446962356567397e+01 1.183501334412003558e+00
-6.339923642913634083e-01 2.046468263626098505e+01 1.177751618921813792e+00
-1.343939904523993312e-01 2.187631072998046733e+01 1.369678781872301077e+00
-7.264449896462120693e-01 1.996991811752319279e+01 1.238016355936903512e+00
-4.960724196650532214e-01 2.070714508056640568e+01 1.178842282275545994e+00
-7.043257532438792490e-01 2.005115543365478459e+01 1.086015148436554778e+00
-4.683510890758550427e-01 2.091913398742675767e+01 1.278802575564915056e+00
-6.354019234738650379e-01 2.045720247268676673e+01 1.172794633083265481e+00
-4.048486407770009454e-01 2.132535808563232393e+01 1.191812227252980305e+00
-5.211192020618123921e-01 2.054109188079834070e+01 1.180598640329868054e+00
-2.179916927376863989e-01 2.129723367691040181e+01 1.399221172396969637e+00
-4.758325955060558887e-01 2.092291646957397333e+01 1.158779036052791866e+00
5.419779965768644486e-02 2.199137031555175881e+01 1.279556103138928647e+00
-7.459619629423880349e-01 2.001532142639160128e+01 1.239841763422788956e+00
-6.531117696129876693e-01 2.037937089920043832e+01 1.156812382078070467e+00
-5.907658826946478037e-01 2.065252120971679517e+01 1.329087061049482044e+00
-1.268040563927753661e-01 2.171489383697509723e+01 1.252799680899009616e+00
-7.256498536971085489e-01 2.007900951385498090e+01 1.124533844132185711e+00
-2.159677103217866601e-01 2.144400634765624858e+01 1.320836857417346799e+00
-7.146263780390831322e-01 2.016581329345703111e+01 1.299060315332610349e+00
-5.423710174287594832e-01 2.060981599807739428e+01 1.274956931428281814e+00
-5.761281527225158294e-01 2.051310623168945213e+01 1.225446642867863423e+00
-2.681575426174869214e-01 2.126796991348266630e+01 1.215061240271148479e+00
-5.920670142477261200e-01 2.050578161239624109e+01 1.168816917021858304e+00
-2.866986672488540111e-01 2.142997623443603672e+01 1.225606995640791563e+00
-2.721332223630043012e-01 2.125470003128051744e+01 1.365840520863546459e+00
-3.429003218332126735e-01 2.124257240295410298e+01 1.239348101722814732e+00
-8.620879540546351194e-01 1.881551779747009334e+01 1.223462761481834082e+00
-9.432713344580990755e-01 1.820699271202087388e+01 1.122098587447379225e+00
-1.675367025127574849e-01 2.174374935150146371e+01 1.335956228171568894e+00
-1.748013536841117044e-01 2.157007112503051616e+01 1.266489480316842497e+00
2.423563139374212624e-02 2.189769517898559670e+01 1.493653695535513304e+00
1.377955019429737415e-01 2.227285837173461758e+01 1.232464558603059368e+00
2.611504363707766591e-02 2.165296089172363381e+01 1.350704755811431124e+00
-5.902237445475317923e-01 2.046462749481201016e+01 1.228679285761576034e+00
-8.527627432368978244e-02 2.143326398849487191e+01 1.207186410101928065e+00
-7.497930725153409970e-01 1.985115484237670813e+01 1.002487069685704446e+00
-3.813559877353076000e-01 2.112337205886840863e+01 1.349417834628531487e+00
-7.377937481925068708e-01 1.988135898590087791e+01 1.156243313720831667e+00
-6.110779919399271787e-01 2.033881448745727383e+01 1.264372478406425193e+00
-5.266128686192544928e-01 2.053986988067627095e+01 1.368486702970094893e+00
-2.654107093387659266e-01 2.123801418304443445e+01 1.368430317743872582e+00
-2.604591809284396708e-01 2.151082761764526197e+01 1.299255343814635033e+00
-7.021572006554152034e-01 2.018530408859253100e+01 1.282594192416062207e+00
-5.245884515160115225e-02 2.186963537216186637e+01 1.340191457954829746e+00
-1.636694503966632797e-01 2.148728160858154368e+01 1.411899326391244713e+00
-4.987469678574921184e-01 2.077596487045288143e+01 1.254630797606545167e+00
-9.299275075304170857e-01 1.833589612007141056e+01 1.127670525470216178e+00
-2.378339489221319714e-01 2.158045177459716868e+01 1.314280837889964193e+00
-9.008323256145144009e-02 2.159812810897827262e+01 1.419288427833258703e+00
-1.928726252546450470e-01 2.143655212402343579e+01 1.310740375764749333e+00
-1.613563276356351217e-01 2.133150562286376939e+01 1.341097067590525382e+00
-1.118049009892327500e-01 2.152979356765747099e+01 1.471839617550950052e+00
-4.848682312913224490e-01 2.102432189941406193e+01 1.278178420021122808e+00
-2.097873354446642968e-01 2.133172225952148438e+01 1.226841010767536488e+00
-7.230114480478107009e-01 2.004673015594482521e+01 1.203576757825560284e+00
-5.105294369214798955e-01 2.091651794433593636e+01 1.140283071789667924e+00
-9.666844739048819912e-01 1.791096076011657701e+01 1.166795674489699675e+00
-3.948367216395828883e-02 2.182413955688476648e+01 1.515485682702360615e+00
-5.296484075557619103e-02 2.179120361328125099e+01 1.219490845651269417e+00
-4.452560040087135129e-01 2.113258523941039968e+01 1.269781435857726626e+00
9.381046162763926125e-03 2.177027214050292869e+01 1.373104397863220250e+00
-4.054269214672580057e-01 2.096903633117675625e+01 1.131318375815515864e+00
-5.208662042598248831e-01 2.062763853073120046e+01 1.291593583715799465e+00
-7.736105737579609953e-02 2.186714925765991069e+01 1.175111429033413035e+00
-7.754904206886393814e-01 1.972637741088867358e+01 1.243716185299233334e+00
-8.623048093134814129e-01 1.879859189987182688e+01 1.132903644081290295e+00
-4.391117716747321986e-01 2.106170227050781207e+01 1.364542474887028289e+00
-7.131445337702994047e-01 2.002779676437377887e+01 1.036807646375377479e+00
-3.948010137837845157e-01 2.108283931732177763e+01 1.281476739828561806e+00
-1.212376700617076586e-02 2.184108478546142607e+01 1.396994784336486495e+00
-3.811391324764613064e-01 2.134727375030517749e+01 1.332342005620233749e+00
-4.832418168499745259e-01 2.067079889297485451e+01 1.362238423972003565e+00
-8.362460357087724283e-01 1.896644519805908047e+01 1.187253101305489000e+00
2.025990817949060441e-01 2.247070850372314510e+01 1.375839646713802322e+00
-4.064750552183489796e-01 2.095959474563598590e+01 1.125458489746332003e+00
-2.366412449984768018e-01 2.149297035217285057e+01 1.205457844802192424e+00
-5.079271738153229299e-01 2.050911479949951044e+01 1.117228818841378812e+00
-4.006561057726372166e-01 2.131121805191040153e+01 1.184841784166124734e+00
-7.492147918250839922e-01 1.983634681701660085e+01 1.054854708149027376e+00
-6.498227981871507186e-01 2.041386779785156236e+01 1.245311832426350573e+00
-2.577484901928597250e-01 2.161327775955200181e+01 1.261821588173087649e+00
-2.472671526819503751e-01 2.151970684051513771e+01 1.277481659370524492e+00
-3.860906608867873402e-01 2.096252981185913100e+01 1.212289637826239774e+00
3.404976588520288949e+00 2.569914234161376854e+01 1.661450723469962476e+00
2.211813654567198029e+00 2.465186309814453125e+01 1.522740630066609535e+00
-9.913373025814036232e-01 1.773663088798522836e+01 1.127618922105882548e+00
-1.060709299886366752e+00 1.612668639183044306e+01 1.002864659428098326e+00
-9.007640894698905054e-01 1.865219446182251062e+01 9.993935044377258992e-01
-1.079239581754791732e+00 1.567832991600036685e+01 9.005959262490086381e-01
-1.118226543041060284e+00 1.512159596443176213e+01 1.042201797433214283e+00
-1.095163986262745803e+00 1.551421444892883272e+01 1.113372731181064390e+00
-1.043024753527442838e+00 1.663936532974243221e+01 9.191835684605375034e-01
-1.019752569998910063e+00 1.705350845336914034e+01 1.051218871157538537e+00
-1.017067179043528835e+00 1.707154242515564135e+01 1.113382475614856482e+00
-1.101994926916407103e+00 1.548855404853820872e+01 1.034043582526525062e+00
-8.853637518374820603e-01 1.873725786209106303e+01 1.170757750041756529e+00
-9.413666224345648148e-01 1.812685888290405245e+01 1.179379943897226113e+00
-1.070424415482685410e+00 1.606926907539367733e+01 9.636092810116970719e-01
-9.920384679183401611e-01 1.744584758758544751e+01 1.221237808329258989e+00
-9.167607790641266741e-01 1.821228752136230611e+01 1.107955684721878997e+00
-1.083898355565675153e+00 1.576015570640563901e+01 9.588241076113475092e-01
-9.783006872704207435e-01 1.776406179428100529e+01 1.170172561644638565e+00
-1.080132302570375957e+00 1.576233234405517614e+01 9.704699747345836292e-01
-1.113697882385484617e+00 1.527334914207458461e+01 1.022301049715683696e+00
-9.932709286394506565e-01 1.753282934188842646e+01 1.068566634311271413e+00
-1.089355879579976261e+00 1.582280321121215749e+01 1.116328286400577019e+00
-1.044340342097777707e+00 1.641480993270873867e+01 8.904696413677003486e-01
-1.108992123268517815e+00 1.534078899383544936e+01 1.007932841561168580e+00
-1.059278055177980571e+00 1.632032086372375446e+01 1.091556449397107276e+00
-1.060141861959052134e+00 1.618409464836120648e+01 9.564620789612459095e-01
-1.132181178947825995e+00 1.485825836181640547e+01 1.020572942230849378e+00
-1.118786752459746792e+00 1.513640694618225169e+01 9.457359862219580915e-01
-1.070240088512666166e+00 1.618796113967895423e+01 9.435641193083729172e-01
-9.756478246038664537e-01 1.753867968559265123e+01 1.032098741091785232e+00
-1.106440459722758396e+00 1.537572073936462402e+01 9.327172561028697073e-01
-1.107242824180490137e+00 1.555152578353881765e+01 1.065587779609741270e+00
-1.114026779528068278e+00 1.530567860603332520e+01 1.017722486473314314e+00
-1.133952163561738224e+00 1.514477093696594245e+01 1.019101295167167631e+00
-9.717769582334582212e-01 1.772974280357360755e+01 1.018738607020845066e+00
-1.029055660603420685e+00 1.687040694236755201e+01 1.240547442768721753e+00
-8.872540068437597682e-01 1.866549259185790888e+01 1.086801327100077597e+00
-1.055508387928367320e+00 1.632467111587524400e+01 9.127918818060120065e-01
-1.118121729665951136e+00 1.534295279502868681e+01 1.003970349320980615e+00
-1.121399858328845811e+00 1.529870029449462976e+01 9.852857042493248230e-01
-1.073894099624227882e+00 1.587663162231445391e+01 1.028846630162715048e+00
-1.085882581184119733e+00 1.577823781967163086e+01 1.055943180765277933e+00
-1.036822693124435979e+00 1.670479045867919865e+01 9.390121774529860410e-01
-1.085188644355811194e+00 1.582779965400695765e+01 1.099709995129490636e+00
-1.107123553788124548e+00 1.540616886138916009e+01 9.922460622765520988e-01
-1.024805297530031245e+00 1.697399114608764492e+01 9.272007877134418319e-01
-1.060506901644776789e+00 1.623856094360351676e+01 9.195555385192660802e-01
-1.114276163075741621e+00 1.540006305694580035e+01 9.206003707011797266e-01
-1.119166249162727889e+00 1.517844894409179624e+01 1.032188114917337529e+00
-1.114337605399081665e+00 1.520157786369323816e+01 1.104291286575239006e+00
-1.114095450360036210e+00 1.519833857536315946e+01 1.089171707504834163e+00
-1.036313083266146684e+00 1.663483875274658175e+01 1.029477476354177412e+00
-1.114355676670652162e+00 1.540531565666198688e+01 9.676667314337903392e-01
-1.122155237480494172e+00 1.518413026809692390e+01 1.122054556191953045e+00
-1.117633805333546837e+00 1.507717594146728501e+01 1.079189544186216265e+00
-1.113238872087592979e+00 1.536173127174377484e+01 1.021580824798695941e+00
-1.080873224704767877e+00 1.588565022468566923e+01 1.140001677836653959e+00
-1.070023233253819761e+00 1.610215709686279340e+01 9.965439932837634185e-01
-1.130959560989658108e+00 1.505980164527893095e+01 9.962696602186467132e-01
-1.120969762065467279e+00 1.531581987380981502e+01 1.051422968637469424e+00
-1.041083898960767806e+00 1.667278435707092399e+01 1.051351180242302119e+00
-1.080949124045364140e+00 1.583496213912963846e+01 1.048892491954682482e+00
-1.032659072154584967e+00 1.683964836120605568e+01 1.088504581282025097e+00
-1.092456909781479801e+00 1.559772663116455149e+01 1.024912565450996071e+00
-1.099540848237128721e+00 1.557800472259521563e+01 1.089955622313783401e+00
-1.060380402743783090e+00 1.622621466636657672e+01 9.650194370359066465e-01
-1.028564122016702109e+00 1.678174936294555764e+01 1.022500270548488466e+00
-1.043917474343027285e+00 1.659616904258728098e+01 1.038653316865477905e+00
-1.067084844496450913e+00 1.609710772514343091e+01 9.788479913727364812e-01
-1.094423064128353884e+00 1.565170872688293535e+01 1.038497609281502809e+00
-1.052710955089248834e+00 1.655469304084777704e+01 1.065100618179616987e+00
-1.114402661976735320e+00 1.522761802673339915e+01 1.044522830022207804e+00
-1.113647282825086959e+00 1.518431531906127852e+01 9.293054267438306537e-01
-1.070923182578032318e+00 1.606732022285461525e+01 9.119835480000664241e-01
-1.000962061819869575e+00 1.726965095520019489e+01 1.057605769503627613e+00
-1.050415903599791090e+00 1.652718948364257656e+01 1.022542670021425515e+00
-1.133117270815179767e+00 1.511838721275329611e+01 1.009195465187021190e+00
-8.807989486387653999e-01 1.856176007270812889e+01 1.148657907925576094e+00
-1.125794791574799447e+00 1.520736914634704640e+01 1.107692502661606460e+00
-1.081451505395024881e+00 1.569808654785156321e+01 8.930142713886097816e-01
-1.118024144799470321e+00 1.516637754440307617e+01 1.014310951340373190e+00
-1.115541152085679055e+00 1.535568673133850126e+01 1.021538761180199373e+00
-1.065187360981544984e+00 1.608653015136718878e+01 9.375542256811452146e-01
-1.044604182662707492e+00 1.669682774543762349e+01 1.063873558493339866e+00
-1.007959258171980066e+00 1.727227780342101937e+01 9.940084188718874003e-01
-1.047159460462780967e+00 1.631219713211059741e+01 1.040762246231842214e+00
-8.997123414644855321e-01 1.861571285247802621e+01 1.049972674357523950e+00
-1.116242317422615704e+00 1.530458053588867173e+01 1.123150550394438785e+00
-1.096595230971131762e+00 1.560946475028991642e+01 9.831951059132543191e-01
-1.023251168174965420e+00 1.713030765533447308e+01 1.058730137374950919e+00
-1.074291667598779698e+00 1.584505122184753390e+01 9.046985606582751416e-01
-1.073156791744150240e+00 1.587688290596008223e+01 9.801505658394837894e-01
-1.085481398955253862e+00 1.590586715698242237e+01 9.802512910068471585e-01
-9.204870752619704888e-01 1.834145645141601477e+01 1.160907582925837955e+00
-9.346874804620955990e-01 1.837682748794555820e+01 1.056171987711992610e+00
-1.087255997823480369e+00 1.577686899185180636e+01 1.101509542845959366e+00
-1.107470522202278929e+00 1.543427916526794519e+01 9.775372204462362546e-01
-1.056516764882003079e+00 1.623120030403137193e+01 9.171876825514800879e-01
-1.129889741712682305e+00 1.479805220603942928e+01 1.018209548151243649e+00
-1.090956994241125688e+00 1.554482717514038015e+01 9.863687019362106234e-01
-1.056520379136317134e+00 1.633316953659057447e+01 9.960635781316174997e-01
-1.086023537102369874e+00 1.571952283859253008e+01 8.225830304078649569e-01
-1.096616916497016536e+00 1.539418336868286197e+01 1.188620052596523147e+00
-1.089113724540931250e+00 1.583771183967590268e+01 1.089955659275850364e+00
-1.048822017447269994e+00 1.642255431175231806e+01 1.014621769740791324e+00
-1.036696194223442280e+00 1.671736650466919016e+01 1.079336060968203226e+00
-1.088524601087731636e+00 1.571249031066894553e+01 1.090285085269854015e+00
-1.117182023544283531e+00 1.529255414009094238e+01 8.690437080444488593e-01
-1.036764865055410212e+00 1.664601118087768583e+01 9.633762496256076391e-01
-9.499902332280233397e-01 1.796984098434448285e+01 1.006726741535551639e+00
-9.560260379325814517e-01 1.801505562782287484e+01 1.217589561990154001e+00
-9.182137092983974069e-01 1.845049753189086772e+01 1.101304894612988639e+00
-1.063597089083338165e+00 1.622928147315979075e+01 9.720297216251501116e-01
-1.050119534746034367e+00 1.642524289131164394e+01 9.654384337579200448e-01
-1.082994791987148542e+00 1.581136502265930233e+01 1.088018112316726294e+00
-1.112487107190258895e+00 1.547934614181518498e+01 1.013191806908599890e+00
-9.427544960911817817e-01 1.828167233467102193e+01 1.201572740127855976e+00
-1.091860557819652078e+00 1.571423252105712898e+01 1.028077126828697230e+00
-1.055963783971944681e+00 1.633998927116394029e+01 9.907479899410195356e-01
-1.103090045973581734e+00 1.552489175796508825e+01 1.060681352406491085e+00
-1.072495383204668640e+00 1.599941102981567376e+01 1.004989850493122283e+00
-1.078263733089982912e+00 1.596050436973571784e+01 8.871802152598168290e-01
-1.084256166742771699e+00 1.565183511734008803e+01 1.054502645645861492e+00
-1.084050154246867459e+00 1.568781565666198752e+01 1.004289533718656813e+00
-1.090552197757945541e+00 1.565108047485351506e+01 9.668074226005725080e-01
